1.1665079879870688
2.5836550008083488
1.2332704135277721
0.9392221591458432
1.1014542029808652
1.7593371729067182
1.7073356238453292
1.3540869862536602
1.2470380743112384
1.4224957425514724
1.3075917775757713
1.2859713793851044
0.8164107786720369
3.3526283585665904
0.7864215558591128
0.47341423027238166
1.8458190001741834
0.24756166587622147
1.0179643277652903
0.43829639241839896
1.8429146728723267
1.3061282171682969
0.9628497408852317
1.8790724188680081
1.095155591109212
1.9084253068764396
0.7737289009414796
1.548646728075656
1.0323090868192442
1.8860042417479224
1.1804699637154676
1.693664460671918
0.841708631153339
1.5087783150777825
0.7899102770560464
0.8174002413022725
0.9196427350526348
3.0208400997772364
1.830673485350927
1.4357617448857596
1.4634568375600634
1.7830153354898663
2.798029737501641
2.146492500781821
2.9436261894625733
1.6493929671765795
1.2168303026345815
0.880177143546244
0.7947781255590516
1.4484780634818297
2.0815292820472626
-2.00270062666278
-0.6413841543857974
-1.004949625141811
0.8178576849128096
-1.9830364898281356
0.941582873317039
0.30339077555178356
-1.1151363223188748
1.8543810832429175
-1.8287552739339739
-0.6780220749312158
-0.9144101649070686
2.186267687252282
1.9159900081867636
-0.6183476402058501
-2.0549813720876027
-5.33764581847646
-4.325221704926246
1.8336969086779127
1.0055397693925194
-5.06537084280118
-4.455334760200177
-4.665536233917662
1.8666425576354917
1.532124800234469
-5.575771258867778
0.26356994239560155
-4.874060596874977
-5.565872217216824
-4.881911204161093
-4.842491223467886
1.6732212873253092
-0.12122058974669775
-1.799810309430621
-5.638934369838753
-5.157806357147214
2.466531878915352
-5.077801281832784
-4.744497929523011
3.0947754950736637
1.6770628793521534
1.916956056487638
1.6754519912935373
1.2642147053403447
0.3128422944528398
1.5616660902905868
0.45487011835987895
1.9405130382168045
0.6112097385953159
0.5154730961661855
-4.960813602090504
2.991832597845504
2.1836121083660838
1.8861173796120805
-4.68684555774884
0.5237632437194732
2.8446953565071014
-5.075382958247433
2.932359894509893
-5.057278086224053
1.2324881108574148
2.437166558883099
-4.741881180952477
2.0728931233459984
-4.431265465809704
2.144949589130246
1.8448634619158284
2.8162526701801887
-4.420473458633582
0.6521122833536648
-5.662423859200742
3.4949908443133526
2.346889459774651
-5.639211958787133
2.1515159757962623
-5.086344301633678
1.7874196699970972
-4.867662957149751
2.6464834290824517
3.0911039376432847
1.6351406004427367
2.4059874049934944
-4.3113730744109215
0.8161312624085073
2.4495790528478265
2.9682657991103656
2.965119299919363
-4.81053650181714
-4.916591223543132
2.492451027763632
0.7614071860366409
2.0631433391803333
1.5246696038702323
0.6357656822683668
0.8527283170145381
0.5154928380350798
1.9570478505897575
2.3381333353339864
1.125052232382103
1.2166264067055343
-4.75042392988412
3.2617008599675468
1.6772443659803282
1.9479256808823373
-3.9542439165591836
2.0511124689765636
0.8656824013458877
-5.368356230219678
2.614340007900838
-4.4682039384753125
0.4559880343894736
1.5733755139257575
-4.839446436778991
1.8413140351992356
-5.011837668880069
1.8166106125045824
0.6822374377580818
3.290728721193943
-4.555638660897434
1.7156993637093856
-4.440972109172186
2.169331342405689
2.002711208753225
-5.950695529955704
0.5426420695484837
-4.2763201576780725
2.253658877564685
-5.4842164993769025
2.325445179382258
2.346239002528414
1.3360099232485028
0.18642161504016524
-4.7957586594755925
2.3667468112718226
2.821185620678396
2.464821695406657
2.1593718945111156
-4.934378792892737
-4.304381976248762
2.400706641967212
1.9667525454849875
0.4908640377883429
2.7303204763830125
0.2431262692053578
0.5661836980224952
0.20413334024476743
2.0569382425540628
0.9776419034628661
2.162480065950168
2.2417756310265413
-5.877630494605874
-5.086396076319311
-5.430118239960994
0.8242538570693068
-4.58387020932658
0.8253854990184939
1.8921938326097667
-4.583744627226271
2.377693376486737
-3.6873958491652705
-5.105187315340625
-5.944625439961446
2.7595278046351144
0.976398426657697
-0.992082012020497
-4.671766291453435
-4.5393319390634534
-4.889396790161623
3.8853484901595716
0.45034700425044255
-4.293247513883866
-4.9278514066717065
-5.443799339369387
1.9051120712279315
0.646183681714009
-5.874915165554996
2.0707476653647237
-5.010229851487763
-4.202641227391304
-4.644799912939448
-3.744602640277623
1.8329694468593343
-1.4790362521039238
-4.584484877163528
-4.1267525277690975
3.4130766278639704
1.8849274759255157
-4.528834102634737
-4.780088829471609
3.3836642647414368
2.8684438755025847
1.0748657200739937
0.48269366963825183
2.614436844389093
0.7197054987536662
0.549098555215223
3.249086434340622
0.549118897393555
0.7809973549936231
0.23029992134722438
0.6187826083265642
0.21548876460186955
-4.862816236026074
0.31285199841327455
-5.507334021122975
2.1862594944466225
0.5124865397579659
-4.954244622789776
2.119734051865111
-4.85086592186259
-4.930423786484409
2.997984715182896
1.268204767543168
2.2473839866027716
-4.603775971234983
3.3661446711838443
2.012100228273329
2.0309501284756775
0.511452051947471
2.7951712264143693
-4.675740987248975
-4.220799599341179
1.9347831872820715
0.587910753479822
2.5347049537120863
-4.7407208131520715
0.5505243604081409
0.6950126905066116
2.2736016229263902
3.0326918638336875
-4.237330619269411
0.8198596525871049
-4.76113705776684
0.33295046599145955
2.1426420221841904
0.5922476240848629
0.33651058910180925
-0.6962531241977907
-4.735664056042355
0.557232285806716
2.3576580526831115
3.019715482587928
2.2940146923982065
3.0442249815603293
-0.11951163512925683
3.6603634281967063
2.2187318871414585
2.5610815999665983
3.2816906249555156
2.8785437612417257
-0.44554050487273583
2.4509567787831217
-4.909058189137937
-0.3316343238033776
-4.253247731148308
0.28210203241034254
2.354577171930879
-4.815238020165173
2.8474271027968263
-5.8316022637447595
-0.2266882743593785
-5.081517027560281
2.9573889480500735
3.0236573078829116
-5.318781820749924
0.22382924361998185
2.7040681444380392
0.14580704053378307
-0.35248771369529613
0.3437498217081814
-4.930469415984706
3.7561547353058464
-4.958900933574299
0.4687361052153612
2.7721604259509465
-5.270218181808683
2.4243448675629344
4.02211177372407
1.9066767293618585
2.2306322566124224
-4.982776774591253
2.009601559044747
-5.475024466192561
-0.16508384877710863
3.9312271882466088
0.3494055322910135
-0.35898879373117015
2.5932930513994505
0.5764525143327117
0.4211957151169297
3.0091397269310387
2.3927439055803634
2.998980222101865
3.730765181796064
0.1811430220349713
3.4353673545375396
-0.41197246585064334
3.61275360520168
3.0669072898251986
3.415058818287029
-4.6983265501365
-4.274012717022881
-4.856786925381396
3.868835986754735
-4.868176814142777
-5.324127050080339
-5.113514722311219
-5.173238378665317
-0.4524120049449278
-4.277061174525171
0.6787357930047686
2.812562854001475
-3.094374490087358
3.2590478426552383
-5.597702174063615
0.12356775981343443
0.5566241629055866
2.44591365035332
3.071677195533947
2.2067265862775947
-5.216177023994385
3.7710248096565446
3.2316694393244165
-3.7599646990654305
2.305668898471962
-5.367853243797477
3.6416076773993153
-5.284085040273643
-5.447413821210904
-4.844552135732749
-4.769811035221506
0.12761113730817236
-5.481796177894402
-5.328157946449192
-4.824505708447221
-5.2108398345624245
3.3962286518161444
-5.05082011004883
-4.254611680186862
-0.25167540082631795
2.9998014403755806
3.882383660406805
2.0973888596972965
-0.11269250786799873
2.931575474125896
2.345680266217973
-0.636948992851325
3.7080153639227986
-0.25872480537940884
2.2268461507966344
2.322380620952774
2.386146743821294
2.6520699164571018
2.4107676695747347
3.0073887085011903
2.5501908740800796
3.0246427948315495
2.191785434462988
2.2445309790466577
3.838489508036417
2.5631812419223876
4.1790680324605844
2.6484507028625717
2.6994027028733174
2.464205625868605
3.0226811794205797
3.122549027953912
2.658493442421084
2.6815711841564336
4.34424923959665
2.6578015097472316
3.064298646139418
2.4322698920054786
2.3395578507330383
3.1654969344609927
2.6962946059477235
2.5832139349412393
2.53968718402778
2.978982660186261
3.4111616865859165
2.7819513427468183
3.684706820274156
2.7923211241121506
3.270512658147886
3.291269342056839
2.893631983334188
3.468285869601466
3.2229981555060525
3.809747159810534
3.68873145772865
3.734111366781416
3.343072203102643
3.9043731228988814
3.6024921315196674
3.803795999408558
3.6174654883622703
3.3606811428835015
3.3597169741482538
3.7341020832031258
0.6455159578782523
-0.2174488093515698
-0.8204404749957455
-0.48458286100687425
-1.7503534270355439
-4.3574552818790195
-1.3821809533823717
-0.31620252204454274
-0.4890510909362064
-1.1013382978810164
0.6303070365922703
0.3200596434757444
-1.3529394068275442
-0.6887502234072824
-0.6547860586510845
-0.6926075373697009
-0.29840237796545604
0.2773317010292245
-0.9600881137468176
-0.8095225959674139
-0.2687838667050357
0.05920601832811695
-0.861430773633753
-0.3331544425935737
-0.6990143706300578
-0.4655707245284603
0.10705293755168827
2.4252463562104754
0.2456413990527016
1.476944885641394
0.10342112312684609
5.825771744133457e-05
1.568214796001437
-0.36758474258502044
0.18824520404330075
0.3771268130236412
-0.1626159200394403
0.13406313731928005
0.05123679788344232
0.36374037039539947
0.10898393510431131
0.5013656449941242
-0.06830827225348285
-1.026678580321419
0.3685320020576925
0.4775289324775523
-0.31229380619697394
-0.7502996654492087
0.21521819279780102
0.09152825264282499
-0.8532160054730016
-0.12745580497281067
-0.1823474339359687
-0.9665543925684716
-4.9582376444271175
-4.663145897947086
-4.704287346324805
-5.255977256915474
-0.9048747859698005
0.4404743252931385
0.44093586593395623
0.8682910130497508
-0.18882484122417836
-0.940408413188516
-0.144201356653395
-0.5831448249757132
-0.032875834926530734
-0.29717882134655577
-0.6072358855966211
-0.5493975868548104
0.07650265722822908
0.6597500920549075
0.7059152931511159
3.2783905527301633
-0.8814991304536823
-1.0783307297403826
-0.7898418670522065
-0.3113395532449998
-0.32582158245624976
-1.033974917931273
0.5431001096619799
-0.4526187490969234
-0.3615854112699028
-0.670685906269602
0.5156673624807133
1.096345884428549
-1.31976438196296
0.3952219744545092
0.25653518695510996
0.9266714118138224
-0.756499562071788
0.3371587488106172
1.1810791677855224
-0.07310297649409153
0.5242341118634533
2.2988241304685277
0.22814863203048602
0.6856015355861413
-0.8346747834718617
0.15967596031075443
-0.034863262250238114
-0.5500036698487563
-0.5933127004272376
2.4409395573628916
-4.1164831216923785
-0.5356906412341877
-4.0771184853478974
1.0978414490482087
-0.5090114947074578
1.4013568069172626
-4.255867104577478
-1.205291661223709
1.3003871275840857
0.27798397499095523
-1.2288305896270546
0.01691251123212073
1.787662781300488
0.14349177084775017
-1.4010357945765395
-0.8131865918351933
0.12082370056447927
-0.4284414435741774
1.7550410830836696
-0.2253599388044631
-0.4155850218882669
-0.2744863075006004
0.6283408437466402
-0.8808710342403747
-0.6065844193703278
-0.22670859301897556
0.12130286351271075
-0.40685044276897825
0.2711560143363552
0.03175035876441351
0.3727046168461073
-0.925746145188842
0.6125594553712594
0.0021283979199740455
-0.09257386452190847
-0.24213754560177309
-0.4466030843898085
0.19379162428511115
0.6580616831197486
-0.6614325914137562
0.17023643873096767
3.060228540901162
1.0729339007714165
-0.27764226314061496
0.3603603702955743
0.49765422173590573
0.2192456103897346
0.4704434784757577
0.06179823979721061
-0.6156460036715927
-0.21377561120539473
-4.731533586954587
-4.039212359597235
0.000826828532817292
0.1708002379186791
0.3032540060894566
0.6458178914276564
1.469800546694692
-0.42002901081436006
-0.5162557502312397
-0.9865064495864857
-0.20571019998912504
-1.2595206545168227
-0.2957126369516085
0.14973472904594148
-1.171966509990371
-0.08379210997759151
-1.4234987798001115
-0.08916515975114908
-0.2504865339006312
-0.46392388110269467
-0.10407050131825452
-0.3798744486137324
-0.31766395074754444
-1.2164542032291457
0.199147359433626
-0.8355668280064694
-0.8669328462466646
-1.0684092034518327
-0.8156922794463348
1.6419283202816564
0.16504820080059762
-0.1204322124617358
-0.445276723617632
-0.4884545527748538
1.4695193999580671
1.041359876015855
-0.25800114407604563
0.5476530894507465
1.651222613904547
0.6763465830102038
-0.18119680269334187
0.7110380782501067
-0.9254533138120413
0.19211288922508712
3.0033013071804233
-0.6336350756162932
-1.159203636957487
-0.3552553761638641
0.1216081986348096
0.3930830774047365
0.011324164448654306
-5.202229514355849
1.2867187213411593
-0.11895898667438182
0.9487993498401859
0.37017520526300457
-0.05865005974993348
-0.08924957340667844
1.0422594727722247
-0.9049977311345905
0.39735106867685716
1.908176942495826
0.05743314309863795
-0.6589482655295682
-0.19326681976330912
-0.5734698025519651
-0.17694247139936475
0.7278739551593483
1.601082111522587
-1.2883613938586058
0.34258333386074385
-0.2382563271933294
1.3665998496709513
-0.11638762880932368
-0.7267335351909452
-0.7849603781981354
0.0446488004758519
0.18949055262012254
0.22538290314672121
1.6726596322336929
-0.05718404357043466
0.04478598915841564
-0.31152820819618826
-0.5574589502262186
0.027389775069770972
-0.8477355068310102
-0.38478535705852174
-0.18588640465842549
-0.339251682943489
-0.24454895439886964
-0.5796175100974565
-0.32609643395611027
-0.7706645066365225
-1.1698666203794645
-0.783483578297969
1.840915706699557
-0.9388761398208758
-0.6280460433487742
-0.16849905751914446
-1.305891571552285
-0.2854697077136756
-5.132255095839684
-0.43659736521200937
-0.3457454085241444
0.22537682918551344
-0.005562127594036459
0.14453618768742932
0.5975564420878035
0.8901503435190756
-0.8574893116751627
-5.434984555390065
2.8163667191759383
-0.5824240501937266
0.4903281462904721
-0.9684130461004756
-0.8393255201890306
0.03310847163062741
2.920563662113819
-0.4184942895905956
0.46217264402773034
0.12633673960201625
-0.979785230203007
-0.4929140370805915
-0.8016011218495618
0.19933812145184354
-0.7151448538595455
0.35081295564951415
0.08124917919192681
0.23089675475121946
-0.42935285404886553
-0.6514697410065811
-0.8446538017269869
0.5889818043845547
-0.6134162200703213
-0.5234079066815926
-0.320857642769996
-0.5267539517239888
-1.2097870340313444
-1.4704755975085888
-0.6151631260561232
-1.0688381351205627
-1.2630101344014162
-0.5937620680107303
-4.234264282076863
1.098766730088942
-0.5099108532923795
0.196337296985652
-0.44083467768387447
-0.10294189681180604
-0.005727278626842469
-0.5499100484774553
0.5433780084364757
-4.844336284546268
0.9579914508474761
0.5488473217361658
0.9032925357902732
1.0664124188082862
0.10015080608793037
0.06848457403310976
-0.6018872250834884
-0.31930676983589074
-0.417389344460201
-0.32869038517267407
1.781515770218546
-1.0134586493503441
1.2158109807638158
-0.6375339771271002
0.9554293229308559
0.31575006656745513
0.02324982484758703
1.4520133102573136
-1.209276338962987
-0.20424233544584663
-0.9825313560173659
-0.16079991994145865
1.7046248088811544
-0.07667492185603969
-0.055459912998036154
-0.3766192391697673
-1.4344439504788888
-0.5076295082299223
1.954532294326968
-1.0991434007080252
0.07372395056689479
0.41489536324912774
-1.0882955668862744
-0.6968054030741118
-1.0458926400153432
-0.5886357996257794
-1.0555320307143277
-0.6702531445428399
-5.166911445621475
1.0144700547237382
1.620437479093992
0.951625462849877
-0.9808093013511177
0.6546613606089402
0.910813033168915
-0.3415500725964824
0.8701348839796259
0.33693557307078953
-0.9068909647908723
-0.24502701956120138
-0.22291327818662315
0.32719861940525824
1.1169105729895827
0.4726855550724605
-0.5165291775432199
0.2490343519068577
0.9991810140170974
0.1742700716471089
-0.2250214956456425
0.5843286929720715
-5.1171154230606835
-0.08245124986462832
2.031382632381543
0.6931634027406357
-0.5267955041755834
-0.6271788308432269
-0.08694488432381181
-0.6861745994252799
1.3842580019237682
-0.47095829094046043
0.10692334611260318
-1.1129840002308495
-1.2090360182513185
0.1523431740158357
-0.043419894633744904
1.8755133561664192
0.6069602195488999
0.44687508488401667
1.0026736495614081
0.425758219587921
1.8006261541870532
-1.154427645185994
-0.685199876964067
-1.191425497309878
-1.1155607672166976
-0.2905810780210784
-5.235783728316655
-0.17443777029660396
1.626884234747608
1.5900098100922757
2.4720388740521186
0.07572906944266938
-1.08457193719296
0.42254571666875124
-0.8517664754260059
0.8652044083556498
0.11401007206931096
0.37710803074167704
0.20208110692581355
0.5388284657638298
-3.8028587305214576
0.6142467027433625
0.7386950706362563
0.877914876849855
-0.21327218923044294
2.0706327540339244
0.2844252051636285
0.642957111560198
1.9219345255609315
-0.4647513577804658
0.7580707566138283
-4.630641549358666
0.17841422572328908
-1.4678259439685157
0.20081497787764863
-0.1495260169783444
-0.7480082360671048
2.9357721963624495
0.22870426994141496
-1.164997543603103
0.24683230063646905
-0.019562822572493865
1.817019657719452
0.5103017113321247
1.2684594860145775
0.5318976936278432
0.34110890654570764
0.664679560049469
-0.5460797737965262
0.13390259527163256
0.6176828892817579
-0.3108360420516622
-0.5401551591662621
-0.5797956478647825
1.1676776783319478
0.41939098113699197
0.38459774262445495
0.376263256757206
-0.23642442244458323
0.9612562297667782
-0.3648545782944645
0.12321394058166507
0.10393978520415664
-1.1368902536102339
-0.020152092507434938
0.032214502495518105
0.4235370814730331
-0.39793407169743383
-0.2609986990120258
-0.14050048397358433
-1.6630566998743663
1.276267640196051
1.043942462967094
0.2712834309974888
0.7772700034267408
-0.38546099592240773
2.6363885622063044
1.4988765442898861
-0.35847879125431387
0.4507020869108758
0.36746347502007765
0.3593863213521305
0.7159624920436962
-0.5892664343127221
0.12382436659622603
0.1221163952610716
-0.08484431790196928
0.7425798702541209
-0.00988143893657828
-0.030723520079051048
0.5305999176988945
-1.1507964902024805
1.7902787298721416
0.12948033560902245
0.18850179320281418
-0.3955025740326619
0.8299711885346861
-0.46139587078299077
0.21751216732530093
0.3143534978280776
-0.5830279533887022
-1.0946247491613745
0.32939792864032796
0.5675662858316826
-0.08715588318711748
0.012526543877543317
-0.25433485724877974
0.5686764035903435
0.038397072112945685
1.0939904545958217
0.69489400048993
0.22995809763234948
-0.050046214364879826
0.5993464089109184
1.9520209493911014
-0.2921018053342578
2.84474970854208
-0.560465911856225
-0.03768005043637074
-0.8543031044943543
-0.8982116485593514
-4.4178273718850445
0.8371612061982547
-0.09169503496410142
1.1910266166215087
0.4196858783527316
0.48196926541676505
-0.5889544782571643
-0.07139647662921283
-0.927506418055887
0.3178956683728232
-0.24868697299808512
-0.38174014548739915
0.8060245343807617
-0.367060876394476
-0.62183634006505
-0.4766664418536382
1.2218585764488883
0.21427827757010404
0.3430903913427446
2.511611551581303
-0.9708460865828559
-1.0626240371849698
-4.324189929026495
-5.608631602975158
-1.3514094665422491
-0.20351817000708466
-0.4132023700410507
0.0367938859474784
-0.026614172870992048
-0.0019375102614124784
3.1771522962102607
0.9776755193351003
-0.08957915083825024
0.35222803354241267
-0.2547242939652174
-0.11785237586452396
0.4586729052931225
-0.28521679947165296
-0.7344050836916112
0.8926998283527587
1.3552999317491419
-1.0300701574955329
1.9130619256904997
-0.28679663934345173
0.5739857009490299
0.6627436447948056
-0.7074093541857016
0.21514603337200683
0.39184616853866167
-0.17368757025271758
-1.1298006042951039
1.19595154389627
0.5249168437713236
-0.6309471822464938
1.3005371480656618
0.5954726816154152
0.08622577337891224
0.49770816580133775
1.035358884251065
0.5856843068685083
0.20677269334120846
0.03745837000787272
0.534793680863088
-0.9217729201584581
0.07808795243307382
0.43055643449958986
0.3424466985701043
-0.30966237126657975
-0.25494038843206995
-0.8598571851905326
0.8725346905993594
1.0427575965420046
1.8348392226244403
1.102827691501779
1.8228072031425948
0.6708307612840874
-0.15570424185372161
0.4154610047811134
0.835601524678387
0.013159210589422266
-0.48239868635504507
1.737294789665309
1.889825845058986
0.7879201577890815
-0.2977916882555331
-0.5857446029064914
0.6105589650397405
0.8446883455641077
0.2788839711477958
0.9404608866906952
0.35452777227768834
-0.5058695518176282
-0.6409237602231865
-0.4055611550427444
0.01603979864293531
-0.36891285771279153
0.5734492952529848
0.06815171574978335
-0.1472513686008145
-0.8333921583777202
-1.0029626382085115
-0.8989972840380835
2.8804206508032215
-1.1799832890732689
0.622918770118845
0.322278924737534
0.3589483980610089
0.08018531269159507
0.48001541731555936
1.075052157020933
0.2005341639933929
0.7050656939031446
0.9732109157385254
0.6249171658013519
0.27869859850594053
0.5739614241217241
0.507450713670204
0.7062615505949161
1.1315905404171072
0.9874711072491338
-0.14244242623914788
1.0465670352376448
0.842748725723999
0.4778999308020309
0.11273641270184093
1.1060077793281082
0.7008014646577156
0.5264305477281166
0.5931459490989093
-1.0271652371269453
1.9625794800579182
0.9387060414750388
0.0949425962962765
0.4358860218936736
1.1820608928478085
0.16299757136429266
0.5789167725969964
3.362541547851016
-0.06885174695040724
0.5318270782621948
0.8262853415025342
0.24775669828444308
0.36242348018049014
0.6192248558055367
-0.39424847665601565
0.9431852451154659
0.8923019590614758
0.14336935525965183
0.31730307111482065
-0.3216739087921154
0.021000027855939296
-0.4713871977076009
-4.994166566951276
0.7223166541035373
0.7727245489709977
0.7687093681531123
0.48931588383213503
1.9387071716737503
1.0572941686485835
1.30066633198262
2.455361064015532
0.18314907214448267
0.9810126713776
0.8638629757928975
0.3200818976822393
1.5662845178831701
0.91840363829536
0.010482482989750797
0.6259857939369271
0.8331279275539907
-0.0065831980193306605
1.4542290644646676
1.5681397656672516
0.14899938684427344
0.6359194626842397
0.7691435212398607
0.9757304318964333
-0.40693893818675714
0.6705499537916935
1.988302449380913
0.5082947536044093
0.30876904727186233
0.3906085311768898
0.33282319293691925
0.8650485796361889
1.2711210755260223
0.10484023169327111
0.09544228557360873
0.8416981947519235
0.2745744876916321
1.1711450410897148
-0.9612886526871098
-0.0054501298048167945
-0.022781445982508697
-0.6958246050415688
-0.7652609546295892
-0.4209360834621039
-0.7012294360523383
-0.9055323670391249
-0.030284225773692552
-0.45054796812485826
-1.1978410682364011
-0.4978281888773019
-4.16377528167096
2.3872435477109195
-0.5472550498438589
0.604889195065212
0.7294554895036431
0.5090693845840337
0.624641303041281
1.4588926910336246
0.9420695080857775
-0.6630975570775797
3.283733946355262
0.9072949895793196
0.4110383108789349
1.4126280977829153
1.1401575817640277
-0.0064519312084633795
0.5542270875387201
0.6065273118028409
0.7093645156838444
1.228758100069081
-0.3117091641619045
1.7349772243757395
1.3023903024984653
0.8833714442444003
1.2748544357775642
1.000492725441413
-0.24952652244420553
1.0804079693337065
-0.6800539721767027
0.3412585100563303
0.4655648192293132
0.288725048170083
0.7139346129963651
1.792986612194642
-0.2360669095978402
0.7989415964144642
1.2576403073953846
1.4902595506570848
-0.24585278307304076
-0.20503087848344842
-0.610707356673601
-0.3058256629504598
-1.0457592176089432
-0.8365676210011714
0.15893792412369173
-0.34255592695450016
-0.8693959661608821
-0.7241083544074334
-0.848378743942237
-0.23544092920685283
-4.383057925026094
-4.4318971967988565
0.6682968587184184
0.5529684650501832
-3.9073093142659325
1.6759954959355068
1.3022605849305062
0.47006314178796776
1.338559253203412
0.5908491939192155
0.853840293182655
1.1529459663608008
1.9153982079205067
0.23205064959531901
-0.11119647449077669
-0.7359754485971974
1.8079496124983332
-0.704629201540055
0.3370698469468432
1.783123793678397
0.24369703657237735
0.9546886880115832
0.7013741816003427
0.42151062999160255
1.2320642694589927
0.5121527718667567
1.3494946117786006
1.622417790150957
1.3000900768347985
0.2863343770601801
1.4890194557999061
1.6262226363647918
2.1171625092891815
0.1757173425971213
1.9778640167806176
1.0524638727932234
1.0858845115319908
-0.43383825090697664
-1.4009620645247693
-0.09871915247792223
-0.6687759509780675
-1.4778765297299348
-0.5440828545928054
-0.44345354011707266
-0.6305716257768386
-0.39633379397503216
-1.0443123431684938
-0.6805178532554124
-1.2891457860859554
-0.9766475883503509
-1.1776932414044308
-4.422003031594215
-5.029294480957186
-4.9997665888607745
-0.28513379615046247
1.5072269959550186
0.4258408535231664
0.17339723496850118
1.514641587189821
-0.1279200885292388
1.29335523242024
1.4761968290498202
1.488127247896621
1.0890516815995865
1.0545135214624377
0.4440687091993954
2.3127319340182466
0.2846918078602139
1.201328793233751
0.5929041301654543
0.9814505522233965
-0.3740429268409557
0.10843546732884507
0.9597463012306493
0.17092725920955015
1.686873631082777
1.6257898206068968
-0.3117108752656121
1.2722189105687332
1.87252106136718
0.46950837699478415
-0.45857029668230126
1.0583197582713209
0.7571261481323959
3.2686771792742415
-0.7460442221159536
0.3318480907931745
0.1357377295565354
-4.4284306162276135
-4.118079027176797
-4.706336221222026
-5.267399040542398
-4.53573244203837
-4.923736733093744
-0.2390059586222812
-0.3573553459555065
-0.1267824009823481
-1.0392232082298478
-1.175615080810208
-0.943600550463455
-1.1590758538334116
-0.518203874472178
-4.3513320224624525
0.5020688024900095
1.1328976317644135
1.7618153922664015
2.7326826621952214
0.622034386907321
0.7011911109396438
0.8190047595000816
0.5196228209912384
1.1773176562332988
1.6069065623246135
1.4602163017228258
0.9911953518339685
0.7615712510655182
1.1706602546986762
1.4497400106807485
2.2769730807993045
0.3989191006002311
1.781433144543104
1.5070508865015722
1.6825076603598377
0.86065197305746
0.3714615417277552
1.751961857412978
0.5948346875023551
1.358260994698937
0.28829955547193936
1.9684402421459986
0.793088433275555
1.2584006983429552
0.7869791915513971
0.6212613189057674
-4.062100777519431
-0.02368241818642222
-0.3394074568960472
-0.4700697705957501
-4.637389124573364
-4.978827976049008
-4.969634324977373
-4.89974889428256
-4.923671698162812
-5.039997253146471
-0.4033747838343564
-1.2133956819226928
-0.5893771193212642
-0.2881879653623289
-0.7979658274453731
0.13425170019188354
-0.9723428561276526
-1.5979676889265209
-0.9980780018404283
0.7239603701144683
1.5190855314091922
2.1016574885362886
0.7718406072307551
0.9138682105613003
2.270715424931225
0.1884884251536994
0.9890365045307692
1.0949049170612661
1.318026185961935
1.0620162643318936
0.5299394696659994
1.2821348171274827
3.241607886645688
1.1282270632344802
1.885750353711861
1.8138175593914094
0.9811670141275739
-0.05998889482051645
2.2025052595947883
0.5231622756327547
0.7768657609622278
2.261688918141908
0.7352408156661845
0.6632610756341135
1.5736604799914824
1.3624693451605632
1.58667211455033
0.7324610963651508
1.2028035871644054
-4.981514739977883
0.3208643709959063
-0.4963334449508205
1.870855588141065
-0.19289767448656686
-4.050166109126192
-3.870036722087175
-5.12331529816071
-5.168019248871037
-4.601355253362065
-4.607784104940034
-4.636758394783399
-5.010271124888727
-0.5648340179176459
0.14727057910146263
-0.05078370680078742
-0.9468593660523035
-1.0655459532655442
-1.2767548463300267
0.07971006441999179
1.6301071169921832
1.555821644523792
1.446551515583798
0.4828547631084748
0.8729696664176898
1.2247221783517541
0.034585203152887545
0.2697796256337582
1.1805938387929182
1.1020799700650055
1.7290441556394422
1.7860878058364191
1.6961695609932756
1.1739298431664413
0.4511936179002341
1.197099094724
0.7055988710181393
0.41846296166665226
1.7972654608932865
2.248150502670087
1.023223277953924
0.7633326489341126
1.5575261089404306
0.5290328708823433
0.5871944774574083
1.0662510057046144
1.519473559090398
0.1340574686107155
1.8941056552636488
0.4973050843876939
0.4312400710431324
-0.5655761032672344
-0.7865086923112385
0.12930295319006918
1.1153000066251475
-4.979320399701939
-4.565891626967934
-5.093279530827282
-4.673779228086158
-3.8633726122700858
-4.858826647980889
-4.395529698701039
-4.101307053430857
-1.2371966262568193
-0.8348840613860551
-0.28871219859335445
-0.6668491271982098
-0.002662855965954003
-5.3554492587129054
1.3892587504928415
1.7028415172939968
1.5173893531028457
1.7293987810157971
1.282298236743167
-3.5094922344169315
0.600522367663952
-1.2998599926185874
1.1259797699511274
1.4587608271487822
1.1943789500318407
1.3136235483471306
1.2775649102900943
0.7825305671763054
1.3644403225524102
1.7323025269472851
0.8246765970361278
-0.21166634495140352
0.9926162501475262
0.8891799992898282
0.9033980685393348
3.186042304978931
0.11965088907620519
-4.993650661413598
-4.8778647871533
1.1438429434480821
1.6784587705021417
1.3368429202382894
2.6932088983816302
1.7562335307636476
1.1415540812003873
1.5140519990401615
-5.681619158823776
-0.7056930540938602
-0.6649277195815118
-0.31418205671540717
-4.288397873696812
-5.030150544435049
-4.976348883023075
-4.793610860390504
-4.845385872943213
-4.408587786610498
-5.0116121719824145
-5.281955236383887
-1.2990445644058313
0.016913155862180285
-0.8431286168553456
-0.38115666546046917
-0.8378614180060833
2.467112072090111
0.1699043392486292
2.005267795150545
0.918851607002477
0.8229450111496361
1.4415684200693861
-0.673739096726929
3.047611942850398
-4.192829703900633
-4.965024489021721
1.3948306953485803
0.6849884208472292
0.17029776168943117
0.7823815752156515
1.9435553569297164
0.25009096504712774
1.1511357515072256
0.5657462514460576
2.213281923343818
2.2919114001920735
1.7072105069143322
0.8751272148721605
-4.973747904647999
1.3483087909077027
1.7146176429724385
-0.6576796164347449
1.9649489566196876
1.7458100603405282
1.3238229429630164
1.168740882639682
1.3639920873727063
1.528964851433447
1.270775989649679
0.6114906073692588
0.9466914786250349
-0.8087302566642554
-0.6513979154585225
-4.914551928056199
-5.005165702922087
-5.04879176814409
-3.521568569603073
-4.7826419957647754
-4.936043355476228
-4.8928858713359835
-5.300250845244332
-1.3575937351390297
-0.9664784620159406
-0.00974536052531233
-0.5926167938524549
0.012079192072774136
1.1403678733383755
3.120964128014474
1.818389141005348
1.1140505972101704
1.354918636466358
2.1062822161322585
-1.2002503194631582
-4.200804949887324
-5.124871262093866
-5.044230704611646
1.6056152565464648
0.44381916560517204
1.5163552364666564
1.7272608956966882
0.49300586997504153
2.0758660715400956
0.5564043345148988
0.1058932809216741
1.1768568242875057
0.8919308385449387
1.1731927929351902
1.3505110210180733
-5.414890787274635
-1.7667446286243242
-1.4402413117691384
-4.173647092639794
1.0386186102838004
1.894761885432675
0.5612472138870226
0.30065877272755154
0.9936810415212349
1.8004660156709908
2.083403830501616
1.894026947237093
-1.3199253094000052
-0.026992363617322324
-0.10436288502768004
-4.38185173850085
-4.738006893575533
-5.148090439247277
-5.164893397282252
-5.160177052754564
-4.700448728734913
-4.24127410868692
-0.4213814860727853
-4.479240654310047
-0.9783469396492026
-0.02682244207240675
0.012644660203647906
-4.90134699837903
1.0061064391835663
0.9325878700702894
1.0090226154169106
0.9059936911603503
1.1668689122804579
0.8304684283932509
-5.008080062437804
-5.096408062585471
-0.5368948687412223
0.986181257717285
1.902264776061489
0.9106219618761142
0.9895361840279755
0.5722268700723694
2.4156047862183025
3.1019752210455827
0.3119267102053796
1.0272611659515074
1.0471959691875665
2.03676600373614
1.5226625203206172
1.965367441946452
0.9095433879925947
-1.5685584548138283
-0.08402805919855
-4.551620010002138
1.4548267455115025
1.7636754527863139
1.0482307190488347
0.9097040131581113
0.9304846969129184
1.4022947035239148
2.004556144376602
2.0240731095983686
-4.019113515311126
-0.886966168787668
0.12156604565744239
-4.431567007210492
-4.9823753997788085
-5.179373876687789
-5.672037745632064
-4.7329650329217205
-5.314514115116327
-4.623372507862077
-0.28001415369095145
-1.4080196840759238
-0.2109632684656017
-0.3214988316748785
-0.6285522398736869
1.2415550161917372
0.23282458770749842
0.29686959625739845
1.6146796801111658
1.9623107200057004
2.105437956176392
1.794758926347341
2.110699822334129
-1.209632377793325
-0.5681619163445795
1.5016217051963323
0.6147474226681482
1.4043215759678795
0.6296068850871266
1.773749405937279
1.4372824427247965
0.4494220780203531
0.509254141293126
1.8655225869055996
1.2669619115813346
1.2496349884885194
1.8670179218258194
1.2330001449851227
1.4755967689542646
1.5451550352550232
0.4689084484658936
1.0144164447133064
1.8274655673838036
1.3443601141510275
1.8880159367004117
1.4291703956624713
1.8711834985330902
1.917488605211091
1.8136739664756303
1.0434726951804598
1.5080523422962078
0.0938359536921674
-0.9077415597409799
-5.425670945706871
-4.142021963914672
-4.051934051824677
-4.600986037274121
-4.791395695212178
-3.8463795947057937
-4.711109919554543
-1.2121073224780123
-0.4401517750714223
-0.9417639551187977
-0.8151537472485129
0.3166877309690515
1.7956816838052911
0.7602119314783191
0.9938902299695993
1.1517214356498973
2.931822018097351
1.0090891017100052
1.1975644931865737
0.9440581027246906
2.484998707905285
0.9663646411020017
2.86568212197257
1.0238850583159882
1.8178409167684673
0.9090033046894099
-3.5428936029625517
-4.6758782496345255
-4.786863380302314
0.061521086226820676
1.1600338239440044
1.1018307577125763
2.1398401874996025
1.9187466211815365
2.692921581351191
2.199211473324926
2.056982607089036
0.8327120920640332
0.9992668104141496
1.8245614699406705
1.6988997691001093
1.60286286643576
0.9916592071224071
1.1668178353678846
1.3559669940958092
1.1688396623900683
1.4579012078723996
1.1171195953115092
-0.807048427484176
-0.011058374114727376
-4.324108167004941
-5.31963161281341
-4.660271272369213
-4.319171866411724
-5.302025975580616
-4.091479402838616
-4.383405312543398
-5.208889488144944
-1.251161762723671
-0.429446596011072
-0.1767862696093751
-0.025440106090807546
0.12084859192656144
1.3624477737293614
-0.7544738828154989
0.38563366490684486
1.0387311006570825
1.8725073953072235
1.7046387226031885
2.296430697078564
1.9159152964061685
1.3180558710754187
1.1583308706133204
2.0153322315341904
2.212890421644086
2.24336832502236
0.6313892949955675
2.1346957465647765
1.470497946015147
2.9520951140106084
3.3895031530475737
0.9708378684060346
1.430980072960541
0.8548833073812871
1.1861235051853294
1.102327682971473
1.1303205241924617
1.6518183322171498
0.7691340822041088
0.9026161382110236
0.9311556552556799
2.939694291098833
-0.929326311844314
1.4475217194144183
2.3693759391480356
1.1557059962702478
1.2603090788644111
0.8407904987761365
-5.202789560525926
-0.014938806495974288
-4.530557710249637
-4.399132089297659
-4.792348757804449
-4.861776804596999
-4.909950160370528
-4.266187757703182
-4.88046181586502
-1.1196842563624037
-0.8409601043240131
-0.3262408017516513
-0.19555956629764498
-4.608584315159506
1.5876722825804332
-0.24791281130210102
0.1077294532431799
-0.044504368578814346
0.4084638859697122
1.4250509829758857
1.5349562605461373
2.8133185931995093
2.1660224792213536
0.7642155300660702
1.1607485400108997
0.8373389038461609
0.568515633380565
0.9420872368078919
2.2371365082443524
1.2805535447087908
2.54994782877603
2.8564916700750813
1.7571299977179824
1.459567864697609
1.0151709927184682
0.9942174580740244
1.4841587183190437
0.6635984027704027
0.6251615589842756
1.594115209553732
0.7922867806923064
-0.30458263172720207
0.9365555962463303
0.7339718228179666
-0.14662597059014443
-0.32241777653820053
-1.0700150913751876
1.2326051948334316
1.5812829015560932
1.2533826254262554
-0.22148143390654246
-0.962906763684988
-0.23593228257050608
-0.3561060006278373
-1.5288918485289598
-0.6125408580719087
-0.6057379141399015
-1.1427747636787078
-0.738080865231524
-0.9261807754977864
0.21837004294374968
-0.7393952988277936
-0.6916032902660223
-5.375874288684174
-0.6722011843814153
-0.5183004021193311
-0.0042339009789162385
0.4458929405652073
-0.21824125535515732
0.5332541553959325
2.6105687782150198
0.19991889929761225
0.9632042622233941
1.1120437939690802
2.7177279138038783
2.5225329014631686
1.193656352719234
2.7378306722239123
2.277280741525844
2.3913605588853133
0.7793795303549209
1.742170212697395
0.33833900388057764
2.2332154728587423
1.6680248113201492
1.280759156609831
3.3819575991194273
1.5072649471531243
1.3484346547098567
1.01983986705869
1.0368356940526626
-0.7970229251544683
-0.013311400389436678
-0.05835197748561066
1.284137308294326
1.5520621023089087
-0.3103481805703829
0.5934151837554325
0.608786098705618
0.6179611103630935
0.6095996992878228
-0.09082129482472706
0.10023150101334283
-0.8464042929364695
-1.0892478517707764
-0.6583556824887442
-1.0653008919606766
-0.16653600564782106
0.1756698273819171
0.21034266084303993
-0.6349361189198985
-0.8115441058981279
-0.8557041611427647
0.6509244370104148
-0.3223431267907075
0.36322043002346144
0.30681628268018685
1.767441930843137
0.41658851448901074
0.4953673589094468
1.4496514707082881
1.2516364446513992
1.2369417852370979
0.815502289144995
1.0168527665958875
1.2395668035883416
0.27198631446436267
1.9856437383636099
1.0587878949445328
-4.230699815286805
-1.066254593548185
-4.262903887246813
-5.309408042390739
1.9855629508021475
2.549429742872246
3.021415623432563
1.3969212060446332
1.2380393197489874
1.556086526800628
0.9743162517625561
0.8653498817366363
1.6864665582492644
1.0593822534973159
1.0286475934076047
0.3991841509213176
0.17994333918302569
0.5177508385601217
0.5847648908203502
2.5910939894140514
1.3007478884798074
1.1903361234177028
0.0024442777783125202
-0.09485135722557131
0.6268591431292383
-0.44451338603959895
-0.10511876187635633
0.4351343114868796
0.14398880019575572
-0.36061114227970487
-0.20579587901597635
0.5808106401729436
0.31623736397582386
0.1651087791104398
-0.3297713169172107
0.40757674240823377
-0.6032804969477334
0.20376788083573427
0.03764327731635847
-0.45442406187144074
1.1389830148893636
1.3795506342167196
1.0926338028510005
1.310828930386454
1.1085780438233561
2.3392686760695827
2.597712405996521
0.0930195228885356
1.7129704399943222
-1.0469038787472993
-0.36702096666024214
1.241538235232595
0.6174649969646615
-1.0735827995557314
-0.1499813154032072
0.7889927063165412
0.8293807700909226
1.3243946628719598
1.0642266646174732
0.29471672837745594
0.4332960315362245
1.0295447886066549
2.318312320000991
0.07865555120853901
-0.5898394803578506
0.25872490689516786
1.265455578057304
2.5138835597230744
1.0112721723151514
1.8633344868064508
0.7484344803311935
1.9604753012129605
-5.259204339416511
0.42751810571179855
0.6028752734174172
-0.024134576373245176
-0.039807113126271665
2.5117611090879737
-0.31014820677554583
-0.5906332567272972
0.04690451152719671
-0.9381760638269552
-0.3628833518060874
2.3293857651785923
-5.05118222945177
0.8240383143075878
2.3611292821455523
0.8246392294800271
0.5204363504655896
1.3434394716126081
1.780003646586937
1.5562627879093598
1.5938911815071708
2.230306565113261
1.5984382422747434
2.4587986387758405
1.4665441180528407
1.0241245637752825
-4.160547803960203
-0.2191542379318669
0.42406938454521986
0.8662019983320484
1.6901310417303281
-0.631859297156975
-0.37731046973910626
2.174340380006503
1.2003533107766817
1.3013553237465585
1.9512522255217628
1.7079221135143645
1.509714924657275
1.619110679684354
0.8042011982279003
-0.12082002647013884
-0.4653185962752748
0.05223207610677
1.0486574726745395
2.2231376280586352
1.4668502784444057
1.3135505469675164
1.4527322856469378
0.6103310409572984
0.9739148150874646
-1.1382085069169205
-1.0571612996429454
-0.0035414010621071523
0.66477961781787
2.4281931999519855
-0.2763281696423853
0.8795156257512109
0.5919036892258542
-0.8193176424465207
-0.8180091694122669
-0.3404302889266099
0.017290156451982563
0.7331546627964844
1.0448840987639922
2.445180714886218
1.5335865462591811
1.4316997854109372
1.4937478631317276
1.1066053438209307
1.4229696480010499
1.1152809101446723
1.3162191834044537
0.7058670890371697
1.5584173470951652
0.46079432794432634
1.5026282303611525
-0.8537091193450208
-0.016721641569973966
-0.5467292731603801
0.5717365625320021
1.6479253415306068
-0.33585498814677844
0.6518026373040915
0.4885983687266369
1.0778414143242903
0.8492605092882961
1.1791649863489924
0.9135107375670048
1.1839905066406247
2.336431652967311
3.425102178374066
0.5503454140853976
1.7614745868424726
0.8092750660327823
1.4892585369950404
0.7283082154289251
1.2661040015768548
0.4270246863746113
1.4812772942518673
1.649871932606302
-0.6779555146629902
-0.4554769002337115
1.0250441324598767
-0.02341690843721128
0.26565966739209984
2.577650843911243
0.49507420672741126
0.679598040122563
-0.028938986344941353
0.7712741251992803
-0.559041892988615
-0.7543269834996957
-0.30652833997028206
0.8835666975995435
0.7034723060650365
-0.006985590130108521
2.537926955788127
0.11889673508455673
1.1694211181933272
1.4927056963809302
2.2538185456758906
2.2545554143661657
1.6191627865546183
1.34245107234578
1.2442077087175583
0.8194899189812257
-1.445220056922921
0.5897450085270108
1.8131723460981397
0.4198157734057744
-0.10535442785583954
-0.98055117204391
1.5449827430924667
1.7610478297776972
2.1873562017617787
1.529918647606746
1.1954558705016898
1.684047369697287
1.4304840260016307
0.30119660880849747
1.2127372416779725
2.400453526162915
1.645327240265893
0.13888260383517187
0.9866773402099427
1.0022151334802638
0.8437756901964399
2.5527749456891615
-0.13020264690605593
1.083551188039623
0.009591968169151144
0.6288444041091381
0.4269770371430473
1.0283643077088083
-0.717030248755314
0.21208627462753232
0.5235349209611431
-0.5206564817606942
0.036736071646445156
0.08482260134571246
0.07334614844352344
-0.7621326757103519
-4.988049384903366
1.6292361831378641
2.1165044696210322
0.8109869374172147
0.6290251059286738
1.1526841003282058
2.142443945410863
1.5033492443698946
2.0750081380949115
2.106381094206974
1.2341477052522456
1.2757038808247514
1.1606281020173341
0.7029940034214754
1.332638114105436
1.6162112611299908
-1.0800361627393704
-4.8195909698974475
-0.2675385108920642
-0.6196933880149911
1.29912213637576
0.9099489471787159
2.173485536690705
1.1208399021965878
1.6493646613903348
0.559030521011362
1.582297229174674
1.4335566124120551
1.5445020132342742
2.093160501980004
1.084500527453221
1.3843451699467506
1.3798452395026453
1.8223800501808038
0.885317570288872
1.49358311372263
2.7540672259114767
1.4356027322775353
1.4841725824324192
-0.6971836430025293
0.20225285426516476
2.6122304086840056
0.09471552699717228
-1.0940452037203685
-0.28424971281705774
0.11987687825885601
0.6838351732622043
0.42241386448562773
-0.7263620036273664
1.3853703897438225
-0.08302332849017663
1.7005239811104693
0.7841216043725843
0.6961590149183401
0.6732837933679687
1.8065424417258167
1.321592960667763
1.8781204937174487
1.038557087991705
1.6221596306780182
2.7372720832778366
0.7932120956881228
1.1135318392839224
0.4623380797912922
0.6028055130503742
1.2604438984078823
2.0437300728872176
2.168142369099893
1.2185979341058752
1.44422151269878
2.3471493547678413
2.7267228430398656
1.4482065589445128
0.44183260593304136
0.8869881861269531
1.3229200373442576
0.599108668017061
0.9615482332045597
1.3994405738460638
2.741920142333592
1.0100577677156048
1.2022574012303304
1.428022052104105
2.0791067770315563
2.140057295731894
2.121813505586409
1.8552926476471199
0.46505489678415374
-0.5432518772226382
-0.7437246975865881
-0.17904043657704566
-0.9439745588465871
1.7514775875125745
0.958700406515036
0.07640031104125683
-0.6603513693898245
-0.8871998613399632
1.8938876086019483
-0.5437053523045305
-0.3170401311718564
2.6541665492160145
-4.771278653268084
1.3594572502221864
0.7168328046933099
1.3367374098004832
1.5576240419711236
1.333463441777187
1.4065134709604883
0.44896861546706873
2.066033294608021
1.2579632600251074
1.245499928121034
1.6392729003309534
1.4857332353067845
1.1988873372250493
2.122634421463107
1.3231768723563015
2.492440489483038
0.3389802010574528
0.6356738278246308
1.017793354507711
1.1305844263737255
1.7957620488910373
1.2542306110446249
1.279987797960656
0.578776560869394
2.3760380338977503
2.284689174598103
1.9562174528343244
1.0665235183813437
0.2940388120356308
0.5666246179558874
0.9197015447296741
0.8972208866865305
0.28316800709573603
1.8304741027937683
1.9053621462736063
0.985168907865364
1.0183235511393842
-1.335477055584522
-0.3783627732902412
-0.8193182716471017
-0.09819314908188698
0.3599418595050961
-0.518867433061192
1.2266666973817797
-1.0885275631747993
1.3077295158698994
0.18998156088504864
-0.06738945923335043
0.8309129476060693
0.3352852221264638
0.14024004666842038
1.0873531237217686
1.6972973321062157
0.8886957534946647
1.6960999112054007
2.5315371528987813
1.0004917238212183
1.3833876021925007
2.0690910431051406
0.7925470566835773
-0.03501290624733583
0.9519796159402178
0.8504424812985021
1.8069840758490536
1.2764442702517922
1.6690437015898731
1.5313635545777393
1.2776994602073377
0.6465202381482236
1.4896723280408741
1.4749232142185937
2.115015288377315
2.456747737300684
1.533055290896857
1.1507389140251125
1.5277929669157593
0.9140357275827173
1.6583488790406342
0.9346638090495409
1.089930431676485
2.1291142542600876
0.8437648063639287
0.8122468288862812
1.6876283735470508
1.5175962533249434
0.6278573513003443
-0.3314453578606797
0.11632159301658901
-0.21835083167711106
-0.24331052417685045
-0.0273949236202064
-0.229661047484303
-0.09413310352058119
0.08917839582064163
-0.27620506476406426
0.2729323083033737
1.0364200039294493
0.1004568582113648
0.28199759404904096
-0.6423255197605475
-1.1727393047722556
0.34367166944634736
1.631937507994777
0.7236413158185382
1.4167407281068973
0.9323780076803059
0.7483384653957592
3.1213631433157913
2.742620759492391
0.7930351332431091
2.3610013013718123
0.6001393770183954
1.6375533584064519
1.9885256292332438
0.48495780595563925
1.0070734326068829
2.145801839606978
1.1379135746952067
1.0331998068661632
0.7229631755047097
1.714912643641458
1.3572731165007252
1.7995225348795203
1.0599167079295322
1.113554103887726
1.0282594042317164
1.569851019242097
1.6341979894530159
1.5896438719372425
0.8891465876417715
1.2835188297443954
1.574379060199782
1.02478729890352
1.2271018058297654
0.38421832165220465
0.76409333081167
0.05455894311440451
0.005874109224006274
-0.36510360014826254
3.0424037440335243
-0.6082623293325022
-0.9778247854924582
0.21650244117177514
0.03057898811140175
-0.5756886665398997
0.5404846195841928
0.04675963384659748
-0.38423431875180586
-0.7538826758520976
-0.13769244926678387
-0.1552098872730983
0.8364300486962497
1.3162181863980313
0.4543097814128206
1.8202254754846918
1.6324587307254554
1.0877336849062444
1.039190936773915
1.2284670294809437
0.9987071389805622
1.0088964915233176
1.7809676298025128
0.6770665429457599
1.2585301414459953
2.048026682933411
0.11876788149623568
3.5052666258443668
1.552206155142382
0.6427410405334317
1.7353698615347897
0.49434280877512654
2.6196392845647654
1.4604158392579618
1.874911221813496
2.7235758747084353
0.564862500975948
0.5620645184177704
0.954104396533118
1.4911063936379203
1.6123690579053762
1.2400839834763393
1.4888272958468023
2.036245868448496
1.1435406440784832
0.8951412672462928
1.672934240541124
-0.7721949602358209
-0.7442284897873905
-1.1464276436277623
-0.9189015323395497
-1.0022487100134914
-1.0974055116478802
-1.061363153461953
-0.1494136785011781
0.5364881469786511
-1.1049736433205548
-0.3548094258820062
0.1183142255225334
-0.7993815855030397
-0.1075379136569859
-0.5468435714602617
1.0445315830408384
1.941575468717248
1.3389745217897708
0.6943436537787442
1.3330773975910595
1.166571208143894
0.87706172355978
2.1045094602127086
2.134800619753477
1.8395895260956983
1.7697357179287816
1.7208427101215742
2.23267261446281
1.5042174084861952
1.5158742932701812
1.1758029856643317
1.119201729079265
1.6880901835511035
2.6390505343598814
0.8986746954943794
1.0287428775639826
0.6369879554753419
1.5553348784452603
0.7048650968958519
1.0495227658331017
1.0718391966807963
1.7975498267778955
1.3775821862741089
1.5815106601954474
1.4937507834414894
0.8078754114703472
0.7711994945797724
1.1806323797560514
1.268476852073066
1.9038045381478503
