2.329719696969706
2.108996212121212
2.0894469696969713
1.8811666666666669
2.1272083333333307
2.325306818181819
2.524560606060605
2.091511363636365
2.2543106060606086
2.2789848484848503
2.27314393939394
2.2626742424242425
1.1508749999999988
3.073412878787885
2.0663484848484863
2.5464242424242425
1.934659090909088
2.1597272727272743
2.4274204545454543
1.6019015151515141
2.226155303030308
2.4092878787878784
2.157715909090907
2.4862500000000027
1.9830909090909088
2.1428598484848496
2.4062613636363634
2.102988636363638
2.1404643939393893
2.343575757575758
2.4813106060606085
1.8911856060606091
1.5682689393939384
2.2283522727272693
1.5372878787878783
2.4378825757575777
2.3489318181818177
3.0992916666666646
3.0265113636363594
2.1799166666666636
2.230693181818183
2.0912727272727305
2.341034090909091
2.2758712121212143
2.392988636363639
2.2702424242424217
2.376462121212124
1.9113863636363633
2.592984848484853
2.624268939393942
2.0440530303030298
-5.389310606060609
-2.5001704545454513
-3.3611363636363643
1.0585795454545461
-4.259666666666666
2.581015151515157
2.0505606060606065
-3.499390151515153
2.164189393939395
-4.902768939393937
-3.2641401515151505
-3.5801893939393943
2.369340909090913
2.669296969696973
-3.2057954545454512
-3.370863636363628
-5.585609848484858
-4.307003787878788
2.4000037878787888
2.4040984848484874
-5.494935606060613
-4.769564393939386
-5.66047348484848
2.3730583333333355
2.085458333333332
-5.713075757575769
1.5733825757575755
-5.096117424242422
-5.808958333333337
-5.419893939393942
-4.852420454545448
2.0337272727272735
-3.3012803030303
-2.6858598484848453
-5.695571969696981
-5.725920454545462
2.2423295454545515
-5.352708333333344
-5.092992424242427
3.228337121212122
2.3976856060606058
2.240151515151515
2.606981060606062
1.7623598484848493
1.7518787878787887
2.1540606060606065
2.1779318181818184
2.374871212121214
2.542268939393942
2.2918598484848514
-5.581094696969708
2.588598484848487
2.6296060606060587
2.8676590909090893
-5.518026515151521
2.4769920033670076
3.0973901515151527
-5.586287878787888
2.8760833333333333
-5.604598484848495
2.2299204545454554
2.1405984848484856
-5.67959469696969
2.596526515151517
-4.695272727272733
2.8690151515151476
2.7955340909090913
2.8849071969696984
-5.618863636363631
1.531465909090909
-5.67796212121213
2.821477272727277
2.71675189393939
-5.624685606060605
2.3132916666666667
-5.09207196969697
2.9525795454545434
-5.181564393939397
2.389526515151515
3.2494356060606067
2.719253787878789
2.196715909090908
-4.963700757575761
2.9329772727272774
2.12046590909091
3.0184659090909074
2.7879886363636364
-5.408962121212127
-5.290450757575756
2.1869166666666677
3.05394570707071
2.998837121212118
2.4854431818181824
2.0031628787878817
2.4097196969696997
2.9493817340067396
2.8197007575757547
2.8081704545454516
2.552275378787886
2.1697121212121204
-4.748648989898987
2.573280303030301
2.1710189393939383
2.7409848484848474
-5.518912878787885
2.956708333333334
2.9819229797979823
-5.232041666666659
2.74968939393939
-5.587140151515156
1.457159090909091
2.98499621212121
-5.497276515151519
2.37728409090909
-5.395352272727267
2.537511363636366
2.939127525252527
2.822988636363636
-5.661696969696979
2.3482803030303043
-5.701772727272716
2.361261363636362
3.0406856060606025
-5.721284090909098
3.121719696969702
-5.708931818181827
2.995772727272722
-5.600689393939388
2.8417196969696934
3.2683295454545456
2.4183901515151605
1.4105681818181826
-4.87582954545455
3.0167348484848455
2.4555757575757546
2.940916666666666
2.909799242424238
-5.29787121212122
-4.504784090909092
3.1473409090909086
2.8115719696969697
2.574806397306401
2.9609583333333283
2.7668472222222262
3.151927609427613
2.8439772727272743
2.9052575757575707
2.8744344696969772
3.337488636363638
2.190621212121214
-5.861946969696976
-5.479560606060615
-5.406382575757587
2.7556704545454553
-5.6737462121212205
3.0505296717171753
2.5272992424242458
-4.785200757575757
2.8832954545454537
-4.8347348484848425
-5.491886363636364
-5.814575757575763
2.4293901515151517
2.997969696969699
-2.9989848484848483
-4.507958333333329
-5.503356060606066
-5.464579545454549
3.226348484848486
3.1657182239057278
-5.290045454545456
-5.64292045454545
-5.469787878787889
2.862034090909088
2.8860681818181844
-5.689276515151517
2.7766984848484886
-5.366420454545454
-5.654462121212114
-5.189030303030306
-4.152886363636362
2.47834090909091
-3.269609848484843
-5.009084595959596
-3.9305946969697
3.000083333333331
2.3615946969696977
-4.583791666666664
-4.6381287878787845
3.160530303030301
2.572693181818183
2.6976515151515197
2.7339427609427602
2.712310606060605
2.7978333333333363
2.756488636363638
3.503522727272725
2.6847196969696987
2.987973484848487
2.4375946969696987
2.878219696969698
2.1184128787878787
-5.482723484848476
2.1757196969696984
-5.689439393939385
3.1934280303030307
2.121931818181821
-4.218803030303025
2.0909507575757558
-5.155367424242414
-5.125659090909087
3.2079583333333312
2.907659090909093
2.800545454545453
-4.707715909090908
2.9247007575757573
2.4627386363636363
2.4390757575757593
2.669598484848486
2.8332007575757547
-5.415837121212113
-5.525787878787878
2.62363257575758
2.7215000000000034
3.274416666666663
-5.386719696969695
2.204037878787882
2.951723484848488
3.0349431818181816
3.211231060606063
-5.314878787878775
3.078284090909093
-5.617170454545448
2.707852272727273
2.8153712121212107
2.89686363636364
2.6121022727272742
-3.1021243686868716
-5.233731060606054
2.6361515151515134
2.715227272727274
2.148943181818181
3.017685606060606
3.647515151515151
1.5532310606060613
5.589098484848485
2.7827348484848504
2.9307878787878785
2.961765151515149
3.191151515151522
0.8989810606060589
2.8665871212121226
-5.0869356060606075
1.261363636363638
-5.114636363636357
2.3849351851851837
2.9754356060606053
-5.660435606060596
3.0604545454545455
-5.601030303030306
1.2164242424242417
-5.487965909090915
2.8134924242424275
3.3084583333333337
-5.440534090909098
2.632973484848487
3.232882575757577
3.30870454545454
2.647090909090916
1.9744507575757593
-5.305602272727274
3.713863636363639
-5.302719696969701
2.391742424242427
2.537651515151517
-5.142344696969698
2.68617803030303
6.223068181818187
2.8321818181818204
2.9060643939393955
-5.372909090909082
2.8037727272727326
-5.456030303030313
2.5373295454545506
4.292837121212121
2.3395606060606076
0.7827007575757581
3.0972840909090964
2.501950757575761
2.9683888888888905
3.6446325757575835
3.132155303030302
2.706037878787879
3.637522727272727
0.6950113636363622
2.9546666666666694
2.769034090909098
4.053632575757584
3.0336818181818215
3.2841325757575768
-5.172045454545447
-5.191310606060602
-5.518757575757573
3.840848484848486
-5.215499999999997
-5.514435606060616
-5.100946969696963
-5.2927840909090875
0.9927840909090901
-5.575761363636375
3.19051893939394
2.6430871212121207
-5.347882575757571
2.6397386363636377
-5.387928030303036
1.8519621212121204
2.9518333333333335
3.1338030303030298
3.126458333333335
3.282143939393942
-5.291594696969688
3.934825757575765
2.775693181818184
-5.244848484848482
2.778071969696974
-5.268416666666668
4.017875
-5.53595833333334
-5.33928787878788
-4.84873484848485
-4.883075757575744
2.8409242424242467
-5.438810606060612
-5.4870757575757665
-5.335325757575762
-5.46283712121213
3.3564431818181846
-5.231496212121206
-5.378912878787881
0.38342045454545315
3.01132954545455
4.560803030303035
2.3993143939393935
3.02864772727273
2.425318181818181
3.3242803030303087
1.0033749999999992
4.199882575757579
2.509375000000002
2.5263030303030285
3.102776515151515
3.131083333333334
3.496443181818184
3.025666666666671
3.283420454545458
3.061666666666673
2.677030303030301
3.1978219696969674
2.9099810606060683
4.1199810606060625
3.0922878787878836
5.115965909090912
3.520450757575762
3.2296136363636383
3.4409962121212074
3.131022727272733
2.9700454545454544
3.311776515151522
3.215784090909089
4.698852272727278
3.3789128787878817
3.491723484848488
3.43911742424242
3.1527575757575765
3.794420454545459
3.425238636363638
3.064041666666663
2.82674621212121
3.3754924242424207
3.8917424242424348
3.3102954545454524
3.9253371212121237
2.707056818181817
3.6728712121212137
3.5689507575757626
3.717174242424241
3.0920037878787903
6.6024053030303005
5.061515151515158
3.551515151515157
5.667136363636358
4.3800530303030305
4.644015151515153
3.9293446969697046
4.568674242424248
4.936852272727271
5.880382575757565
3.4649621212121264
4.070988636363632
-0.17487500000000022
-0.735986111111111
-0.35657575757575777
-0.19964898989898958
-2.5714659090909064
-5.0312765151515215
-0.9459128787878799
-1.0517386363636347
-0.24969696969696964
-0.7055795454545455
0.14309469696969707
0.01518825757575758
-0.955386363636365
-0.5174924242424244
-0.37071212121212055
-0.3564090909090904
-0.3642916666666665
-0.7582992424242431
-2.035746212121212
-0.46128787878787886
-0.4776477272727272
-0.5249659090909093
-0.4047394781144784
-0.1674848484848482
-0.4300233585858581
-0.08521590909090916
-0.9008333333333337
1.6782499999999998
-0.15891287878787885
0.1318939393939394
-0.29446969696969716
-0.03782575757575755
0.7047499999999997
-0.7177424242424236
-0.4829810606060608
-0.10938446969696967
-0.4828712121212121
-0.08365530303030297
-0.17913257575757588
-0.06661174242424235
-0.045408333333333266
0.126867424242424
-0.08557196969696979
-0.278965909090909
-0.04698787878787876
0.11581818181818186
-0.214212121212121
-0.1339053030303029
-0.03497348484848493
-0.0048811868686868915
-0.6249015151515143
-0.6510037878787879
-0.5005000000000006
-0.39539015151515094
-5.167496212121211
-4.496996212121216
-4.362034090909095
-4.157363636363632
-0.7038598484848484
0.013824810606060578
0.06562878787878788
0.30056060606060564
-0.4051742424242431
-0.3471553030303024
-0.6927045454545453
-0.848924242424244
-0.15926010101010135
-0.3754280303030307
-0.3029772727272722
-0.5102045454545455
0.02970675505050509
-0.16180984848484836
0.03416931818181818
2.6003636363636398
-0.16098484848484843
-0.6680643939393951
-0.009060606060606054
-0.5491287878787874
-0.3709053030303038
-0.5911325757575754
-0.18440151515151526
-0.20906439393939377
-0.8944924242424267
-0.5747424242424245
-0.29408712121212116
0.07946590909090917
-0.8579659090909114
-0.18612121212121224
-0.09503648989898986
0.08864393939393943
-0.1805833333333332
0.10911047979797989
0.04993560606060613
0.07702272727272726
0.10117803030303026
2.287992424242425
-0.07504974747474745
0.06084469696969694
-0.24311363636363606
0.07475694444444449
-0.24143560606060602
-0.007568181818181817
-0.4856136363636374
2.239795454545456
-5.149363636363625
-2.808231060606062
-4.751034090909088
0.14764015151515145
-0.30227083333333293
0.6095681818181822
-5.323234848484831
-0.45247853535353527
0.3268598484848481
0.03320707070707072
-0.5335202020202026
-0.3289015151515152
0.8730984848484847
-0.4329280303030302
-1.1786893939393912
-0.3619810606060599
-0.047545454545454446
-0.1577674242424243
1.6015075757575759
-0.6849431818181814
-0.30691287878787943
-0.2462689393939395
0.03246969696969694
-0.27985984848484824
-0.45840151515151584
-0.12148484848484842
-0.08364393939393942
-0.6718825757575745
-0.18964393939393928
0.059200757575757545
-0.3471931818181823
-0.5198409090909086
-0.1525265151515151
-0.14595517676767675
-0.027553977272727268
-0.4143863636363634
-0.07007878787878769
0.01877146464646464
-0.07103030303030293
-0.30333459595959594
0.1142651515151514
1.3128446969696983
0.03656313131313132
-0.2501136363636361
-0.11221780303030306
0.06020075757575758
-0.15844242424242416
-0.36539583333333375
0.000944318181818184
-0.4090606060606063
-3.1737689393939394
-5.749325757575763
-4.821026515151508
0.14820075757575762
0.01804545454545452
0.07322348484848486
-0.061950757575757576
1.771238636363638
-0.003333333333333315
-0.20788636363636379
-0.5383375420875423
-0.36245833333333344
-0.31158648989898957
0.015794318181818173
-0.1655877525252525
-0.6506666666666676
-0.5191319444444439
-0.8109962121212139
-0.06775473484848488
-0.1609228535353534
0.1398074494949495
-0.1774393939393938
-0.782204545454544
-0.18095833333333317
-0.8666250000000001
-0.3269848484848481
-0.6876628787878776
-0.16393939393939397
-0.5865946969696979
-0.9452196969696964
0.9500643939393939
-0.3037803030303027
-0.1631477272727273
0.06132954545454546
-0.10160227272727257
0.6770643939393943
0.044662878787878814
0.09340782828282812
0.1596818181818181
0.5408409090909099
0.24843939393939377
-0.05244696969696963
0.5875189393939395
-0.7360037878787878
0.11433333333333343
4.0766931818181815
-0.3851780303030295
-0.26276893939393936
-0.32017045454545456
0.12752196969696994
0.5110909090909092
-0.09769696969696973
-3.9801372053872055
2.2625719696969697
-0.07020075757575758
0.9196969696969688
0.19874318181818193
0.1072878787878789
0.05069318181818182
2.2439848484848484
-0.7553143939393956
-0.6096439393939402
1.7007916666666676
0.04581439393939382
-0.14142803030303028
-0.5426704545454543
-0.20210606060606034
0.07545075757575744
-0.18124621212121186
0.3093446969696969
-1.0917992424242429
0.10118825757575745
-0.18582575757575726
0.39669318181818114
-0.604196969696969
-0.6952537878787889
-0.31379924242424206
-0.6148749999999994
0.21117297979797936
-0.12189015151515158
0.4039015151515148
0.03782878787878785
-0.013757575757575745
-0.08999242424242432
-0.11058333333333338
-0.7418030303030307
-1.2336136363636359
-1.4056363636363616
-0.6346515151515146
-1.2489696969696977
-0.7375984848484841
-1.3744810606060582
-1.1685340909090898
-1.1833901515151526
-1.079628787878788
-1.0359166666666673
0.42666666666666636
-0.2765378787878785
-0.2453560606060605
-0.0333257575757576
-1.8479999999999988
-0.15481060606060582
-5.1001249999999985
-3.172871212121212
-0.22286666666666652
0.02574242424242429
0.05957196969696986
-0.040946969696969676
0.08834090909090918
0.43953409090909057
-0.8126022727272717
-5.31686742424242
5.373397727272722
-0.36168939393939437
0.09864772727272732
-0.04401515151515149
-0.24138257575757535
0.03493087121212127
2.209541666666667
-0.16783333333333317
0.09554924242424245
0.13521212121212106
-0.32316666666666655
-0.08639393939393938
-0.22763636363636305
0.0930075757575759
-0.2626590909090912
-0.1373030303030302
-0.026582575757575746
0.017840404040404045
-0.31105681818181774
-0.8090530303030317
-0.46082575757575694
-0.16732878787878797
-0.01864015151515152
-0.24039393939393922
-0.5413977272727272
-2.3373819444444464
-1.8896174242424266
-1.6732007575757566
-1.8643257575757575
-2.0775189393939413
-1.565431818181817
-1.0210113636363642
-4.783772727272725
0.38925757575757497
-0.013678030303030319
-0.010859848484848495
-1.0339431818181821
-0.0250909090909091
-0.3560265151515152
-0.18251136363636372
-0.08065151515151522
-5.096484848484841
0.6754886363636378
0.07091287878787866
0.11062878787878794
0.09660681818181821
-0.12144696969696972
-0.48692045454545496
-0.29487247474747486
-0.14011363636363616
-0.26507386363636337
-0.19366287878787866
0.722333333333333
-0.4544280303030302
0.35048106060606043
-0.3177878787878784
0.07365909090909101
0.018958333333333327
0.015135101010100988
0.2961931818181815
-1.1523674242424242
-0.360458333333333
-0.18430681818181768
-0.03903409090909087
0.5589659090909094
-0.13260151515151528
-0.16535542929292962
0.004799242424242426
-1.2222803030303044
0.049469696969696976
1.5370492424242395
-1.1541325757575749
0.05085606060606067
0.04513636363636359
-1.1483939393939406
-3.489488636363636
-1.388409090909093
-1.8188484848484818
-1.4507925084175077
-1.8564431818181797
-5.543984848484857
2.4798181818181875
2.3368712121212147
0.31469696969697003
-0.3888333333333326
-0.0049141414141414125
0.16576136363636357
-0.2724999999999999
0.05391477272727272
-0.10170833333333329
-0.3405643939393943
-1.300685606060603
-0.07574621212121214
0.37985606060606125
0.24792803030303037
-0.03805492424242424
-0.27058712121212064
0.0012045454545454501
0.5031931818181812
0.17727651515151518
-0.09805303030303011
0.09657196969696989
-4.811999999999991
-0.23150315656565684
1.2359166666666666
0.1360220959595959
-0.3371931818181812
-0.4552537878787882
-0.1389053030303032
-0.26873863636363593
0.24438257575757558
-0.19103030303030322
0.11158333333333341
-0.4477954545454538
-1.1903598484848494
-0.11886553030303007
0.13260101010101022
1.463018939393942
-0.011935606060606068
0.541564393939394
0.05561363636363638
0.002651515151515151
1.0215871212121206
-0.5580189393939394
-1.8277310606060586
-1.322295454545454
-1.4504431818181818
-1.77031818181818
-5.053291666666663
0.08410984848484844
1.8493030303030276
0.25136742424242386
1.0546098484848487
0.006825757575757596
-0.5669621212121215
0.11337121212121215
-0.1522424242424241
0.17947209595959576
-0.059124999999999886
0.2393522727272728
-0.0651439393939395
0.12153787878787872
-4.063875000000005
-0.11792108585858602
0.175371212121212
0.38835984848484884
0.0472727272727272
1.9230037878787882
0.675893939393939
0.10886363636363626
0.813121212121212
-0.12129166666666662
0.03224040404040409
-5.255954545454547
0.12901893939393969
-3.144454545454539
0.06947159090909097
-0.0013768939393939302
-0.15053787878787878
2.0520681818181834
-0.08237878787878783
-0.6968598484848494
-0.04375378787878777
-0.010257575757575755
0.8372007575757584
0.07890909090909096
0.42342803030303017
-0.2533628787878787
0.30295075757575757
0.19585227272727251
-0.22018181818181834
-0.11701136363636366
0.10583712121212097
-0.16584659090909118
-1.1341287878787871
-1.655486111111112
0.6781249999999994
0.15998863636363633
-0.07498535353535346
0.020169823232323133
-0.24134848484848434
1.251390151515151
-0.06847348484848487
0.3446590909090912
-0.14487878787878786
-0.8956973905723916
0.03871590909090916
-0.06924999999999996
0.013712752525252527
-0.30737878787878775
-0.17692045454545446
-0.04284564393939386
-0.7053333333333334
0.2126515151515149
0.1101893939393939
-0.0778295454545454
0.26572979797979795
-0.237609848484848
1.6719090909090866
-0.08754924242424231
-0.14267992424242434
-0.0470151515151515
0.03825378787878781
0.29689772727272745
2.0427424242424257
-0.27550757575757556
-0.5068068181818188
-0.2491780303030305
0.023417424242424264
0.41436363636363577
-0.075375
0.15167045454545436
0.155284090909091
-0.8565492424242416
0.12164015151515159
-0.23443181818181777
-0.2621254208754207
-0.1969886363636361
0.02609090909090906
-0.21018181818181791
0.0533712121212121
-0.25757954545454514
-0.03820454545454549
-1.9825530303030285
-0.1311704545454545
0.05538320707070707
-0.09870833333333336
0.13160984848484839
-0.06044381313131316
-0.03144255050505057
-0.17175757575757555
0.5716401515151517
0.08931439393939387
0.4566969696969698
-0.02059090909090908
0.23045454545454577
0.9984053030303031
-0.03282196969696966
1.0323219696969705
-0.3479810606060606
0.032810290404040404
-0.7000037878787895
-0.7981931818181813
-5.191087121212112
2.1978636363636372
-0.010499999999999985
-0.09502083333333312
0.07204924242424246
-0.1478863636363637
-0.4397651515151515
0.13958712121212133
-0.36654966329966326
0.011748106060606054
-0.020674242424242453
-0.10224053030303028
2.136462121212123
-0.24041666666666625
-0.29846843434343484
0.01831818181818183
0.2815303030303028
-0.7150871212121214
-0.2263380681818179
2.764651515151516
-0.9822196969696941
-2.267261363636364
-4.966007575757568
-5.231795454545458
-3.9754659090909064
-0.5713863636363629
-0.2755416666666666
-0.3562424242424242
-0.4706174242424244
-0.11289015151515149
2.3347992424242423
-0.11744696969696942
0.13006691919191923
0.005340909090909079
-0.060902462121212204
-0.061965909090909314
0.13241287878787916
-0.07515530303030311
-0.5782795454545455
0.22737121212121186
1.6572007575757581
-1.8345530303030322
0.4780303030303024
-0.0845492424242423
0.24164015151515172
0.16082954545454553
-0.30152575757575795
-0.028515151515151507
-0.7693939393939403
-0.9367727272727253
-1.0997727272727276
2.303005681818181
0.5748143939393942
-0.49307954545454535
0.3852310606060604
0.055140151515151385
-0.041668560606060605
0.12402651515151526
0.7545303030303032
0.5720568181818182
-0.22383333333333305
-0.10270075757575764
-0.026814393939393954
-0.32108901515151494
-0.10919065656565664
0.009484217171717173
0.2001439393939395
-0.17429166666666673
-0.17886174242424235
-0.18982196969696946
1.8057992424242417
0.4576515151515153
2.0651704545454552
2.1376969696969694
2.1811856060606054
0.5968409090909099
0.0631830808080809
0.3883068181818186
0.07501515151515137
0.12157196969696964
-0.7715795454545458
0.6748977272727272
1.0514469696969693
0.11978156565656582
0.0426363636363636
-0.2502462121212119
0.9167083333333349
0.4204090909090912
0.043924242424242366
0.10013068181818177
0.4195189393939405
-1.1594393939393932
-0.25861868686868733
-0.14837973484848496
0.02097727272727274
-0.17446969696969664
-0.03620075757575758
-0.2528035353535352
-0.8524128787878781
-1.0883068181818187
-1.3221666666666683
-1.003746212121211
2.551250000000003
-2.2808554292929264
0.09805303030303031
0.2228409090909095
-0.05721969696969692
-0.2369204545454546
0.513136363636364
0.7148333333333324
-0.07737878787878794
0.07462500000000012
0.25957196969696966
0.08987405303030309
0.10398484848484864
0.04467803030303034
0.007848484848484846
0.003207196969696971
0.11140309343434347
0.8858636363636355
-0.03408712121212128
1.189234848484846
0.31535606060606053
0.21635984848484874
0.7724242424242421
0.24357575757575742
0.0052803030303030345
-0.018429924242424275
-0.020703787878787922
-0.22663636363636339
1.9214053030303013
0.878250000000001
0.04921969696969683
-0.187875
-0.036387626262626274
0.05581060606060608
0.39642424242424235
2.4671060606060635
-0.09186742424242421
0.2757007575757573
0.24679545454545415
0.172439393939394
0.18071590909090904
-0.05935984848484862
-0.017848484848484836
0.2803409090909089
0.2007462121212124
-0.70525
-0.3485366161616163
-1.205795454545454
-0.8249431818181816
-1.5770303030303001
-4.570454545454538
0.49265530303030325
0.05086679292929293
0.3626325757575757
0.07991969696969693
0.746223484848485
0.5887386363636365
0.07676515151515155
0.9414507575757575
0.3920681818181824
0.680227272727273
0.36083333333333323
-0.13420454545454558
0.4684015151515149
0.005897727272727283
0.15691540404040386
0.02883648989898988
0.2218143939393939
0.09093560606060608
0.972969696969697
0.11259772727272727
0.10042424242424224
-0.038469696969696904
0.14899621212121233
1.2194166666666657
-0.251272727272727
0.28708712121212165
0.6855909090909097
0.6250530303030304
0.03617613636363637
0.05281439393939398
0.3968851010101019
0.4717045454545456
1.0993143939393932
-0.05492929292929295
-0.017856060606060594
0.0849564393939394
0.9574469696969706
0.17712878787878808
-1.089329545454543
-0.7485757575757551
-1.209124999999999
-0.8339621212121207
-0.6539545454545448
-1.0279621212121208
-1.1640151515151513
-1.2091632996632993
-1.7513863636363656
-1.5181515151515137
-1.3930151515151543
-1.7855492424242445
-4.428215909090908
2.767147727272729
-0.16437121212121195
0.0332469696969697
0.5761250000000002
0.5589924242424246
0.5660795454545464
0.8602272727272741
0.39123484848484885
-0.25714015151515124
1.6360189393939348
0.7711136363636365
0.0908970959595961
0.5362234848484845
0.37119696969696925
0.0002878787878787953
0.09830157828282804
0.26278409090909083
0.6592765151515156
0.892189393939393
-0.011325757575757588
0.6578901515151512
0.7495568181818186
0.6439015151515156
0.5378825757575757
0.24365909090909083
-0.39264015151515136
0.6254015151515154
-1.2778333333333343
0.34174242424242446
0.9379128787878811
-0.01790530303030303
0.39399621212121233
0.7816818181818183
-0.29234848484848486
0.603155303030303
0.5888409090909095
2.0732348484848457
-1.3436931818181788
-1.2067537878787873
-1.2843560606060613
-1.3261893939393923
-1.0941060606060589
-1.2140643939393954
-1.039651515151514
-1.5089011784511743
-1.2751296296296308
-1.2413560606060605
-2.0008181818181794
-1.8559090909090925
-4.608106060606057
-5.232037878787874
0.09480681818181833
0.5240340909090898
-5.071564393939392
1.7766666666666673
0.24291287878787896
0.08574621212121232
0.583037878787879
0.3816704545454544
0.5993750000000004
0.2713484848484844
0.8904053030303036
-0.1352064393939394
0.7087121212121211
-1.3893674242424237
1.8517272727272727
-0.2801136363636362
0.3996022727272714
1.0614015151515148
0.7901515151515144
0.648776515151516
0.3888257575757581
0.28217803030302974
0.5644507575757577
0.5312348484848486
0.8763977272727268
0.8650795454545465
0.4790606060606052
0.15846969696969704
0.5176502525252532
0.9894090909090918
0.9976818181818181
-0.05413636363636364
5.619185606060607
1.1795757575757573
1.99672727272727
-0.011871212121212114
-1.6864924242424242
-2.2411325757575735
-1.9712159090909058
-3.2306401515151513
-2.022386363636364
-2.970295454545456
-2.4920189393939367
-1.5552083333333322
-1.3152013888888883
-1.5736856060606075
-1.9020643939393955
-1.6635303030303024
-2.385212542087538
-4.058761363636361
-5.31202651515151
-5.130518939393932
-0.2091439393939395
2.288246212121215
0.12964520202020197
0.8722916666666668
0.7464848484848506
-0.6538125000000006
0.8033825757575762
0.8891931818181814
0.6878712121212135
1.0927537878787865
-0.005268939393939401
0.2689393939393941
1.5059659090909059
1.099678030303031
0.6938181818181822
0.043837121212121244
0.5608181818181818
-0.24403787878787905
0.025369949494949456
1.1405227272727285
-0.334549242424242
0.962806818181818
0.8137234848484849
-0.5202196969696959
0.7308333333333347
0.9360075757575756
-0.03193939393939371
-0.06026515151515153
0.8721212121212136
0.8994924242424241
1.8160606060606015
-0.5017537878787887
0.16491414141414126
0.16016666666666682
-4.582268939393932
-4.4312651515151495
-4.163469696969695
-4.3535492424242355
-4.915056818181812
-4.569655303030296
-2.7366477272727288
-3.193825757575759
-1.6774583333333335
-1.2149356060606054
-1.4612542087542058
-1.3654431818181816
-2.659170454545452
-2.7549356060606045
-5.170874999999995
0.37001893939394004
1.0150606060606044
0.18512310606060595
2.952337121212124
-0.07026515151515156
0.20962878787878808
0.5927613636363633
0.8689659090909099
0.8168409090909097
0.8868446969696978
0.712348484848487
0.4076249999999998
0.18944696969696975
0.6353598484848488
1.8251818181818182
5.671132575757575
0.3410795454545453
0.9940378787878811
0.6893219696969707
0.619818181818182
1.5885833333333328
1.146602272727273
0.9873522727272728
0.3754999999999999
0.8027916666666679
0.45603787878787727
0.7958636363636369
0.4324393939393937
0.5964659090909081
1.8671363636363627
0.9193939393939413
-5.074594696969697
0.05487878787878799
-0.22795454545454544
-0.11557954545454531
-4.690632575757576
-4.040049242424239
-4.5496401515151454
-3.8612045454545427
-4.824235690235685
-4.653117424242417
-3.032189393939395
-1.9042500000000009
-1.5801893939393927
-1.068931818181816
-2.747238636363633
-2.2086742424242414
-1.4401822390572394
-1.8421666666666658
-1.6022651515151516
0.8196742424242419
0.9186628787878779
1.4069810606060622
0.24949242424242435
0.9120000000000014
4.312068181818183
0.31038257575757566
0.7930227272727287
1.0143219696969705
0.6891931818181836
0.2093712121212121
0.35295833333333326
1.0225416666666667
1.8255984848484803
1.073886363636365
1.065844696969698
1.0410871212121229
0.8216515151515171
-0.44867171717171767
1.496098484848482
1.123227272727273
0.508905303030303
1.1047727272727268
0.8845416666666674
0.3343712121212118
0.9140492424242427
0.8069886363636363
0.9618484848484856
0.5229507575757564
0.7086931818181822
-4.860803872053871
-0.3747651515151519
-0.21917424242424205
1.0587234848484846
-0.10499671717171699
-4.515113636363642
-4.692049242424234
-5.042243055555551
-5.321674242424237
-5.38408712121212
-5.238348484848486
-5.1455075757575734
-4.150693181818179
-2.8669810606060606
-1.2779393939393917
-0.8146969696969688
-1.3448484848484843
-1.0762727272727284
-1.5609545454545486
-0.38310606060606134
2.6631666666666685
0.9268636363636374
0.7100909090909094
0.3411666666666661
1.3509962121212153
0.7076931818181826
-0.2841666666666666
0.9304128787878809
0.57925
0.6599810606060617
0.9740757575757604
1.0409545454545448
1.0527462121212134
0.633439393939393
0.2596174242424244
0.8470909090909097
0.43450378787878713
0.994465909090912
0.9103674242424257
1.3825303030303038
0.8782878787878792
0.6872537878787893
1.2644810606060604
0.3204356060606056
1.0786818181818165
0.37609090909090853
0.5154128787878789
0.10148484848484852
1.120981060606061
1.060295454545456
0.9927916666666694
-0.33604797979798
-0.2370909090909088
-0.1524166666666665
0.4094545454545456
-5.295621212121202
-3.989821969696967
-4.3375871212121195
-4.907875
-4.980155303030296
-4.698678030303023
-4.341715909090912
-4.655049242424234
-2.1134090909090917
-1.1526325757575777
-1.1513106060606042
-0.9033939393939394
-1.2921666666666654
-5.292890151515153
1.0392424242424239
0.8603257575757571
1.151776515151514
1.0308750000000018
0.9918560606060594
-5.0223977272727245
0.5060189393939389
-3.0576969696969654
0.47354924242424173
0.9125568181818178
0.8210000000000013
1.0449053030303028
0.7759659090909103
1.1305075757575778
1.3879242424242417
0.8681590909090917
1.0899431818181813
0.27519696969696966
1.2685984848484848
0.8587689393939402
0.8424015151515136
1.1186022727272753
0.15542424242424227
-5.0906931818181915
-5.387121212121196
0.969981060606062
1.0012007575757564
1.0072424242424254
2.9520568181818185
1.0419242424242448
0.5860492424242423
1.1762840909090893
-5.344314393939394
-0.4158598484848488
-0.06042045454545453
-0.01848106060606065
-5.456231060606055
-4.849291666666664
-5.499374999999999
-5.098219696969692
-4.592469696969699
-4.919473484848475
-4.687571969696967
-4.082992424242416
-2.3105227272727236
-1.575946969696971
-0.8530606060606054
-1.6894625420875402
-1.1188522727272725
2.2124962121212133
1.0866022727272755
0.9007500000000003
0.7264090909090941
0.9316325757575751
1.8089962121212098
-0.010780303030303008
2.5922537878787857
-4.5428977272727264
-4.551087121212115
1.9800151515151516
0.4350946969696963
0.9810037878787894
0.9882121212121224
0.5529242424242427
1.0026856060606053
1.4748446969697002
1.25264393939394
1.376537878787879
5.2874772727272745
1.0171439393939394
0.7842500000000001
-4.938364267676762
1.9823750000000004
2.0071931818181796
-2.7888295454545475
1.3347102272727254
1.050022727272728
1.593170454545456
1.7400227272727218
1.0102803030303036
0.968541666666668
0.8510378787878793
0.524708333333333
-0.11559090909090879
-0.9313446969696978
-0.6767954545454548
-4.56416666666667
-5.2628333333333375
-5.32456439393939
-4.911587121212115
-4.837417297979795
-4.419492424242421
-5.01657575757575
-4.827306818181817
-3.36164772727273
-1.5093181818181796
-0.961276515151515
-1.0314810606060603
-0.8794356060606061
0.686590909090909
1.3544583333333309
1.041181818181819
1.0116060606060624
1.8010833333333336
1.6074166666666654
-2.300696969696968
-4.475049242424243
-5.165840909090903
-5.132587121212115
2.2416856060606065
1.1341287878787867
1.9435340909090895
1.25721590909091
1.3197803030303035
2.2945681818181822
1.3759583333333332
-0.02645075757575759
1.703170454545456
1.3767651515151507
0.9592234848484853
1.535125000000001
-5.352863636363647
-3.2684507575757573
-2.128295875420875
-4.520053030303032
2.10144924242424
1.0744356060606062
1.528098484848487
1.0814204545454547
1.0184356060606077
1.3470454545454542
5.469837121212105
2.2740795454545424
-1.2484166666666683
-1.192363636363635
-0.45781881313131295
-4.891628787878782
-4.33775378787879
-5.266625
-5.151439393939393
-4.595257575757574
-5.114837121212116
-4.830227272727272
-2.9444999999999983
-3.5105833333333365
-1.228916666666666
-0.6845643939393921
-0.5531780303030309
-4.3909166666666595
1.1674166666666685
0.9682348484848521
1.4892121212121237
0.8715075757575769
0.9998333333333345
1.0186136363636387
-4.829613636363642
-4.597742424242423
-3.113193602693603
0.2557878787878782
0.7526704545454551
1.498136363636366
1.5417651515151511
1.3572272727272734
0.9673181818181809
1.7081969696969652
1.078825757575758
1.103549242424243
1.0587613636363644
2.827397727272731
1.3336136363636377
0.9333030303030314
1.4372083333333334
-4.303981060606067
-3.0516704545454556
-5.4114015151515105
2.2646969696969688
1.1749128787878784
1.7656666666666656
0.8615037878787897
1.1163068181818196
0.8633181818181817
2.80031060606061
1.371446969696968
-5.4136287878787845
-1.1018030303030295
-0.9490833333333337
-5.062306818181808
-5.2445303030302926
-4.908852272727269
-5.401977272727282
-4.903856060606056
-4.258412878787877
-4.27054545454545
-2.195563762626263
-3.503303030303027
-1.0222840909090891
-0.622215909090909
-0.5237310606060602
2.359143939393944
0.9756931818181848
1.0971818181818198
2.054780303030305
1.2828030303030298
1.3378257575757584
1.1886742424242427
1.2561439393939398
-1.18173106060606
-0.1749387626262626
2.074704545454549
1.2358068181818183
1.072102272727272
0.6028825757575748
1.251306818181819
2.0921287878787855
1.4926969696969692
1.588844696969694
1.2953598484848492
1.2153825757575765
1.2520795454545457
1.2981704545454533
1.639390151515153
2.2970189393939395
1.6631060606060617
-0.06606060606060593
1.113166666666667
5.015238636363632
1.2575795454545469
1.006439393939394
1.4650719696969692
1.2918825757575743
1.3557765151515129
1.6421742424242414
1.0365340909090914
2.446284090909091
-1.1382196969696958
-1.1883901515151505
-4.926204545454543
-5.116628787878784
-4.8610340909090874
-5.356549242424231
-5.123477272727275
-5.297609848484848
-4.981685606060603
-3.383765151515146
-2.1331628787878785
-1.7962537878787894
-1.1265871212121215
-0.4574924242424244
2.404117424242426
0.3907537878787874
1.8765075757575704
0.9822916666666679
2.0546060606060568
1.733045454545454
1.583125000000001
1.907689393939391
1.3360757575757556
1.633393939393942
1.8438787878787843
1.6988636363636336
0.9124242424242428
1.0415681818181834
-5.208246212121216
-5.163431818181818
-5.227204545454542
0.003859848484848482
1.5857537878787902
1.4112007575757577
1.50382196969697
1.8638977272727284
1.9820189393939356
1.692381060606061
1.5202234848484835
1.4312348484848483
1.1623257575757597
1.6497651515151504
1.4229204545454526
1.7408674242424251
1.8545227272727203
1.3714166666666687
1.2112878787878794
1.7269924242424197
1.593246212121214
1.0328030303030333
-1.1379166666666667
-0.8309469696969686
-4.1942878787878755
-5.421534090909093
-4.651496212121208
-4.998276515151512
-5.313522727272734
-5.159397727272728
-5.475507575757562
-3.55666287878788
-2.432344696969695
-1.4744696969696944
-0.9165795454545446
-1.4338636363636348
0.359132575757576
1.5315069444444462
-0.31556818181818125
-0.04668371212121215
1.3920833333333327
1.6841022727272725
1.295924242424241
1.8778333333333346
1.7668863636363639
1.3504583333333324
1.6198674242424236
1.621640151515154
1.79614393939394
1.5809924242424223
1.9018750000000024
2.051083333333334
2.1944583333333307
1.6240340909090882
2.0045189393939356
1.622151515151518
1.823988636363638
1.9356742424242428
1.0360492424242411
1.309106060606062
1.914757575757568
1.4909242424242442
1.3160643939393952
1.7183636363636352
1.8544318181818171
3.871791666666669
-0.34140909090909083
1.0846553030303046
1.8842594696969712
1.7928290043290052
2.047693181818182
1.3857954545454552
-4.473465909090905
-1.0732196969696943
-4.846734848484846
-5.029276515151513
-5.034844696969687
-5.137306818181813
-4.596431818181813
-4.6673446969696935
-4.54425
-1.6202613636363636
-1.0448030303030307
-0.11562878787878779
-1.0458446969696977
-5.417458333333343
2.4025984848484865
-0.03614772727272724
0.05331060606060601
0.003431818181818186
0.5363598484848485
0.23954545454545442
1.5255871212121193
2.7491553030303013
1.5973642676767634
1.3706212121212125
1.9596666666666673
1.606348484848486
1.4998787878787885
1.9835984848484869
1.6116420454545413
2.0355265151515147
1.3324280303030274
1.718397727272724
1.789424242424242
1.947382575757578
1.3591553030303036
1.7646666666666684
1.856897727272731
1.383386363636366
2.01478787878788
2.0051553030303033
1.597185606060607
-0.20617045454545432
-0.030662878787878798
0.3106174242424236
-0.21756439393939386
-0.6139848484848495
-0.2718674242424243
1.9109999999999987
2.142303030303031
1.9052992424242403
-1.4178446969696985
-1.0674318181818172
-2.1494772727272733
-2.449549242424243
-2.504799242424237
-3.580242424242423
-3.305977272727275
-1.6237045454545465
-1.8157348484848514
-0.7505757575757569
-0.8363939393939404
-0.505481060606061
-0.4130151515151513
-4.749306818181818
-0.24176136363636355
-0.06155681818181827
-0.018553030303030293
0.26463636363636406
-0.1359659090909091
0.35827272727272724
1.6741893939393933
1.7428371212121212
1.132083333333336
2.1294545454545446
1.8101704545454533
2.0700833333333377
1.7225909090909088
1.8237083333333317
1.8370246212121215
2.06118181818182
1.808575757575761
1.6911666666666665
1.3158371212121223
1.7210189393939397
2.061700757575757
1.9142159090909094
2.067920454545451
2.3004356060606064
2.034140151515153
1.7194848484848502
1.9347992424242435
-0.8963977272727262
-0.13815151515151516
-0.17225378787878778
0.33148863636363646
0.7866060606060599
-0.009465151515151525
0.10179924242424249
1.9147575757575772
2.0809416666666682
1.3868333333333354
-1.0279431818181808
-1.1353219696969674
-1.2540500841750852
-1.4967348484848484
-1.1295037878787872
-1.0529053030303037
-1.3270643939393914
-1.0728484848484845
-1.2561155303030282
-1.1154970538720534
-0.6349646464646465
-0.3789368686868685
0.5199242424242427
-0.27093181818181805
0.043419507575757646
0.054276515151515055
0.5318409090909089
0.17580176767676767
0.25431818181818205
1.926613636363637
2.0391856060606037
1.929981060606061
1.9838068181818196
1.7499621212121197
1.9000416666666686
2.1125151515151517
1.5634469696969668
1.8578787878787888
-4.715863636363638
-2.280462121212119
-4.599992424242419
-4.65106818181818
1.5216742424242424
2.135056818181821
1.859977272727273
2.221306818181818
2.018655303030306
2.1327689393939426
1.914515151515155
1.790772727272727
0.9642272727272717
0.27559090909090944
0.2739507575757575
0.08998863636363644
0.1285151515151515
0.8709393939393941
1.0372765151515155
2.6699659090909065
1.896098484848486
1.8271742424242374
-0.9056117424242427
-0.9390227272727266
-0.3537594696969699
-0.8516363636363625
-0.3572878787878794
-0.5593825757575759
-0.8897121212121216
-0.2653428030303034
-0.1705750000000001
0.017496212121212135
-0.059622159090909066
-0.04284015151515142
-0.0724166666666666
0.24733333333333346
-0.2696666666666662
0.127878787878788
-0.13247348484848484
-0.2403787878787875
0.11732954545454562
2.0552083333333333
2.0049469696969724
1.9317992424242403
1.9972803030303041
1.9327462121212136
1.9165265151515156
0.8817916666666661
2.156401515151515
-2.161950757575759
-0.1722481060606058
0.3581704545454538
0.5778636363636369
-2.4782765151515176
-0.12473863636363627
2.1261249999999996
2.216621212121214
1.9008295454545452
1.8219356060606073
0.9192007575757557
2.02855303030303
1.7069158249158238
2.3372689393939408
0.0619393939393939
-0.2365151515151513
0.009643939393939387
0.4888446969696974
1.1700946969696981
1.7804393939393943
2.0319507575757605
1.6470037878787882
2.155219696969696
-4.951689393939399
0.06031439393939388
0.45327272727272666
-0.2525113636363639
-0.08530808080808064
1.4881856060606038
0.15822727272727294
-0.11454166666666653
0.1045565025252525
-0.028329545454545524
-0.060678030303030206
1.8352348484848473
-4.702840909090903
0.3910151515151515
1.6655606060606027
0.11156818181818176
0.02292424242424237
1.9215378787878794
1.5115984848484871
1.9287840909090914
1.7738977272727303
2.3122689393939404
1.8685340909090906
1.6772840909090891
2.0717234848484876
2.0740780303030273
-4.453253787878787
0.145655303030303
-0.045123106060606
0.0408378787878788
1.0109583333333318
-0.3256553030303023
-0.01670707070707073
2.0186931818181826
1.681564393939396
1.551439393939394
2.113299242424244
1.8433522727272762
2.0008257575757584
2.064481060606062
2.065640151515155
9.090909090909624e-05
-0.043492424242424235
0.08655303030303024
0.630000000000001
2.187102272727275
2.0165113636363623
1.9261212121212128
1.8845833333333313
1.925310606060607
0.024632575757575676
-0.3248238636363634
-0.3655871212121212
-0.011128787878787872
0.4367803030303025
1.1406363636363646
-0.26560227272727266
0.47040151515151546
-0.0001489898989899084
-0.3198977272727265
-0.16080303030303006
-0.08076515151515158
-0.11726136363636387
0.03956534090909091
1.7206363636363635
1.8159356060606058
1.7191666666666665
2.1802424242424245
2.0612083333333344
2.158435606060603
1.5184469696969696
2.1532083333333336
2.0357916666666678
1.82184090909091
2.1383977272727273
1.5363143939393902
2.3431022727272763
-3.012450757575755
0.10335984848484844
-0.14567424242424235
-0.06303219696969693
0.92465909090909
-0.31989772727272703
2.4509810606060625
1.8137689393939387
2.1644015151515186
1.9587570346320369
1.8289507575757618
1.844060606060606
1.7870984848484845
2.178844696969696
1.958041666666663
1.6004356060606055
1.875689393939394
1.9744621212121232
2.0692878787878795
1.477609848484846
1.9229128787878824
1.841340909090908
1.8528636363636395
1.9376628787878791
-0.07313636363636351
-0.37592803030303074
0.18131060606060595
0.10534848484848496
-0.04023863636363635
0.6845189393939397
0.017499999999999988
0.37331060606060606
-0.11542613636363641
0.16743939393939405
-0.03331818181818183
-0.08839772727272721
0.04928787878787875
2.181037878787881
1.5880037878787865
0.5964280303030307
2.1915321969696944
1.5999356060606054
1.9972575757575757
2.050742424242424
2.14445075757576
1.9690242424242437
2.0598939393939393
1.9277537878787894
2.0806098484848468
2.1321287878787905
-2.12373106060606
0.02614772727272722
1.0621325757575757
-0.005584280303030302
0.012767803030303029
-0.632181186868686
2.0897954545454556
2.3018333333333323
2.0197916666666673
1.5370984848484817
1.8523636363636404
1.8497613636363652
1.7861553030303023
2.0492234848484827
2.0147196969696983
1.766435606060607
1.9982045454545465
2.033454545454545
1.8764886363636362
1.8742196969696963
2.046045454545456
1.9189924242424297
1.150121212121212
2.0884015151515167
0.06207196969696969
0.07415151515151502
-0.16662500000000002
0.23648106060606036
-0.15858333333333327
-0.0367208333333333
0.4599886363636365
-0.019599747474747492
0.07080681818181811
0.1398181818181818
-0.062452651515151385
-0.2812087542087541
-4.902253787878782
1.5869128787878797
1.9559810606060628
2.19002272727273
1.7131590909090908
2.073365909090908
1.7490075757575756
1.9701969696969703
1.8006212121212128
1.8871515151515152
2.028632575757579
1.7725113636363654
1.9891174242424263
2.0649469696969667
1.8602386363636354
1.705818181818182
-2.801681818181815
-4.374575757575759
-1.9443295454545442
-0.20653219696969677
1.7208446969696953
1.8796249999999988
2.060397727272727
2.0000606060606057
1.7036439393939402
2.1316893939393964
1.6362007575757564
2.083007575757575
1.4852499999999982
2.003753787878789
2.0817575757575786
2.019719155844157
2.104924242424243
2.04405303030303
1.9220492424242457
1.9673560606060616
2.484715909090909
2.0828484848484865
0.4220151515151519
-0.06770075757575754
0.021835227272727256
1.3322840909090916
0.0732828282828282
-0.19564772727272703
-0.026272727272727277
-0.06507196969696978
0.1726515151515153
0.08965719696969696
-0.04248106060606073
0.33269696969696916
-0.08435321969696975
1.7924962121212096
1.7969583333333352
2.2675075757575773
2.057189393939396
1.9307840909090916
1.9758446969696981
1.9076212121212102
1.6649015151515145
1.7234507575757583
1.9033219696969665
1.9417575757575762
2.019113636363634
1.6802803030303044
1.8114280303030297
1.9015265151515133
2.132564393939394
1.8844924242424248
2.0005340909090896
1.796056818181819
2.0873787878787855
3.04818181818182
2.084333333333334
1.8152651515151514
1.4265795454545473
2.077261363636364
1.6571174242424243
1.9127196969696987
1.9765871212121235
2.524670454545452
1.9474886363636323
1.9639280303030275
1.9488901515151478
2.0103409090909103
2.267446969696971
1.3358143939393956
1.9745000000000006
2.194200757575759
0.03917424242424246
-0.5454848484848489
-0.3324678030303033
-0.32992803030303053
0.47089393939393903
0.4503560606060609
-0.0407613636363637
-0.06442424242424243
-0.32087121212121206
1.054746212121212
-0.02282954545454546
-0.019613636363636364
1.9242007575757583
-4.796128787878787
2.048511363636366
1.6605719696969712
1.982125000000002
1.9864393939393947
1.979291666666669
2.028897727272727
1.7883560606060607
2.201651515151519
2.08334090909091
1.878348484848484
1.9967689393939383
1.9467272727272742
2.0540454545454523
2.2422424242424235
1.935768939393938
2.2091780303030286
1.356901515151516
1.9085871212121184
1.913041666666668
1.9429082491582492
1.4345454545454546
2.064780303030305
2.0311060606060614
2.101363636363638
1.9845037878787861
1.8465189393939405
2.1063825757575763
1.7339120370370376
1.5139886363636363
2.1401969696969703
1.9429583333333387
1.9531742424242433
2.0497613636363634
2.109102272727273
1.827136363636364
1.979685606060604
0.4048106060606052
-0.6210037878787888
-0.028738636363636428
-0.12288636363636374
-0.08500757575757588
0.060162878787878876
-0.10008712121212106
0.17452651515151507
-0.7720606060606051
0.20445454545454567
0.005160984848484831
-0.04803030303030311
0.18251893939393968
0.123465909090909
0.12405681818181823
1.6527765151515137
2.1441969696969703
1.402189393939393
1.8948901515151542
2.296477272727272
2.2582878787878773
2.1724848484848494
2.0897712121212084
1.8554090909090908
1.7137272727272714
2.078676515151514
1.9537181818181824
1.929863636363637
2.094962121212117
2.1039734848484857
2.0316515151515153
2.308287878787883
2.1517196969696983
1.8796287878787885
2.082075757575759
2.3322121212121187
2.03794696969697
2.0226666666666677
1.6980151515151511
2.0078030303030316
2.1652007575757586
1.4993068181818143
2.0625227272727287
2.0292007575757594
2.0897954545454573
1.8674802188552202
1.7995871212121182
2.119526515151516
2.06132196969697
2.0828409090909115
-0.1593926767676768
-0.015707702020202025
0.2078409090909085
-0.2889924242424239
0.07189217171717167
-0.03957449494949502
-0.1531545454545453
0.009836174242424275
0.053700757575757554
-0.0232632575757576
0.3631893939393929
0.11550252525252538
-0.025937500000000027
-0.31656439393939384
-2.753696969696966
2.1864962121212117
1.9540833333333278
2.0822803030303056
1.3776250000000017
1.3770037878787889
1.8493219696969696
2.230522727272726
2.079321969696967
1.9088674242424242
2.1902386363636346
2.124450757575757
2.330625
2.1470189393939383
2.0361818181818174
2.0499734848484854
2.70446590909091
1.928969696969699
2.050909090909088
2.4149848484848473
2.062901515151515
2.062117424242424
2.0688749999999962
2.0618583333333316
2.058204545454542
2.0371022727272736
2.298590909090911
1.8171553030303003
1.5943749999999965
2.003462121212122
1.899371212121212
1.983977272727274
1.5680909090909063
2.317734848484853
1.610795454545455
1.7188219696969678
-0.5059532828282826
-0.9623143939393964
0.03989772727272729
1.5266931818181837
0.025727272727272668
-1.3222310606060599
-0.06816414141414137
0.25864393939393887
-0.04563257575757575
-0.06611363636363633
-0.15451515151515155
-0.37428787878787856
-0.5092159090909087
-0.6056477272727281
-0.113060606060606
2.0994772727272744
1.9681964285714297
1.8805606060606062
2.08880681818182
1.4172083333333323
2.34223106060606
2.373628787878787
1.9927007575757578
2.117757575757577
2.2880113636363655
2.035681818181821
2.009170454545457
2.1367424242424247
2.1673371212121224
1.1145037878787878
1.8608674242424212
2.0795909090909075
2.211034090909092
2.1045795454545466
2.161640151515153
2.3053106060606066
1.903719696969696
2.231742424242423
2.945609848484849
1.5882348484848485
1.8539583333333332
1.848246212121214
2.1018636363636367
2.068013636363635
1.6409280303030298
2.153882575757576
2.0217234848484833
1.8599280303030299
1.7814924242424248
1.9541174242424253
-0.34164015151515237
-0.8870303030303032
-1.1586553030303042
-0.42958712121212145
-0.3828295454545447
-0.7518674242424233
-1.8516439393939381
-1.0123333333333342
-0.5735757575757581
-0.6186830808080813
-0.8173674242424245
-1.0000795454545455
-0.5247007575757565
-0.5632954545454545
-0.2892803030303028
2.4824469696969746
2.138249999999997
2.278212121212121
1.5988219696969668
1.8425378787878757
1.9408143939393956
2.0726287878787866
2.244416666666667
2.027844696969695
2.135412878787882
2.17737878787879
2.439185606060608
2.0078598484848484
2.237715909090913
2.101867424242427
1.6701969696969672
1.9261969696969694
2.0912613636363644
2.5789128787878823
2.356185606060607
2.1434431818181827
2.3580946969697014
2.1104999999999983
2.2314696969696977
2.069161363636361
1.9311212121212142
2.027291666666667
2.04466287878788
2.2171060606060635
2.388553030303032
2.4787045454545535
2.5057727272727273
1.9734166666666648
2.1050757575757597
2.3521344696969733
