-0.09675265423833157
0.09701715472584763
0.2620271584890408
-0.25212806494028545
0.17649401102790369
0.35698380677572855
1.2452506941811854
0.8211929167364442
-0.22170616949647098
0.3042144530743085
0.2910736566205857
0.3545432206611622
-0.998927753172943
1.2945121171164868
-1.371646459059743
-0.06864363682485591
0.8381835024472031
-0.08084976431539453
0.19958850290731345
-1.0560519396383035
1.2513977089245978
0.3607438179080569
-0.025030204062633343
0.554968572787782
-0.22140744939800566
0.4912284595124366
0.01834960233043853
0.7663315263946457
0.03582709762831987
0.3429939599047046
0.27999271291201977
1.2535543487345313
-1.0813792900118415
0.17031310431157348
-0.8431804197233839
-0.06299665217426625
0.020457413813911585
1.1123324813301476
0.5467710685288685
0.3261942670000036
0.37880893685950007
1.17135317947009
1.915533703065231
1.3242182132700646
1.4471490721599352
0.013278497389630328
0.2588958014394331
-0.3050080838374511
0.0878383248471985
0.5714623427312
0.4757626234683333
-1.5016579424458805
-1.388741469185079
-1.4162028115105147
-0.6447009936082848
-1.177051290704407
0.11476062707773022
0.1360466211182904
-1.4304538927092907
0.318169852759562
-1.5614755915896688
-1.170330692844958
-1.4188916765407507
0.8818321712380903
1.0959956314850974
-1.382957196245293
-1.5200196760991733
1.040163491054273
-1.068085791126618
0.9684631533253218
0.0844485830937245
-0.3092730469096355
-1.110110371958022
-0.036007521466699055
1.163809531272159
0.7396413938381181
0.895138003117218
-1.2611798505246223
-0.5682796443705997
0.11107105988983185
-0.5949469061743826
-0.647077160676726
-0.015170779168640458
-1.0356519129203738
-1.1259817972443968
0.3560094341363941
0.9999350828768314
-0.05694561365694584
-0.5614003057771417
-0.7604255821552308
1.3937847969481842
0.39829321696440617
0.626794646965039
0.274743972199957
-1.3021648388100722
-0.2117283842068634
0.6432094568441398
-0.010835907291050328
0.4962444443793238
0.017698510288122637
-0.038655898052971926
1.4376897709288556
1.2098145768010677
0.6595576492895812
0.5864742358317641
0.07947773914995815
-0.12420426126462764
1.3825863317790892
1.3849827257587555
1.427575048528982
0.03298829260637398
0.47978657724515594
0.4137653132246254
-0.17251380533778432
1.0562475065942052
-1.595821215970927
0.46759447553724764
0.5663399567027754
1.2106940026953137
1.52110747550644
-0.06231928344213006
0.8699513295894932
1.7545845448315902
0.5389152651207596
-0.08376855749360279
0.21711067823173957
-0.9911076918225596
0.7167262478428134
-0.23506927167108177
0.37489926142607116
1.3302183334316766
0.6891622523707013
0.2673842174144712
-0.45460555503254957
-0.4416980247796067
0.5152738654277459
1.1976147662974914
1.7012968011148195
1.204342788150067
0.7359221173881716
1.1606393749272044
-0.3274247845909935
0.7199566875792345
0.7941493852641384
0.018671963731272057
-0.16851825954972993
-0.2446568541578909
0.6249210585172258
0.5493233854008674
-0.09720837952761102
-0.011944638724203316
-0.9602853888346368
1.5122481249866284
0.2609695025212902
0.5145131857771583
0.257517319048132
0.7116882974970629
-0.2643786101289211
-0.7921328062523116
0.6452461243162486
1.3945192382001599
-0.835710801298265
0.5456244549682823
-0.06516875116864357
0.62747859342448
-0.25985769353424554
0.8987042988569556
-0.31556249819720245
1.9003559179763552
0.0003914044823969953
0.7670118814041986
0.06415357252820275
0.4900535235842855
0.6407239811622016
0.440277394354707
-0.31573026532155496
0.1712169134887203
0.5647815771698148
0.18782082253633087
0.6896615680442373
0.689931525311896
0.05544677593497055
-0.2754064575003214
-1.1454000294711937
0.8162761426063581
0.7246712379419348
1.2149031276964293
0.7836243181815032
-0.37148445277345415
-1.2895468280676476
0.8429839315961263
0.42733524307606735
-0.183597955019486
0.6810223807514151
-0.5479783845570831
-0.319409019892221
-0.308933334158139
0.576452940232635
-0.23602934617949706
1.060196058222198
1.7143404853263977
0.6199852200115639
1.4024215924592045
0.9771913034301885
-0.5946649124304333
0.13714065325708827
-0.3413087943507394
0.5013153703105948
-1.5343313585019784
1.2764365863508798
1.6979306523407776
-0.35384161567169553
0.3749865258797684
0.31892224009770415
-0.23654338027452176
-1.2320160893014689
-1.6199933397294581
1.569292840480884
0.8434075827452903
1.7536041946048353
-0.4104112025219468
1.6182444587450255
-0.17706351431527895
0.04948186307051278
0.6829577841958692
-0.27280771090231454
0.3182470496999386
1.2278136083466868
-0.5663081978288151
0.1838102550560125
-0.21474607042792798
-0.6255420685804056
0.7348625056231695
-1.4927617017306714
-1.1220009595977747
-1.4150083852890811
1.131586401940691
1.0066581259618592
-1.59887814390532
-0.8148858969359023
1.461255970176936
1.713812969160835
-0.5350608407918467
-0.514149174693366
0.5749582461696348
-0.31735315538599224
-0.4490554803905897
1.2320073549836474
-0.19560444380882985
-0.2782320309080392
-0.36721960433035167
-0.46517592885736175
-0.5919792401736665
-0.004727872533616007
-0.5825464333145194
0.30529513991129914
0.9477413205042284
-0.7864977761690006
-0.30730540467534423
0.8554035670518061
-0.16089175000949701
0.24480339367044895
1.2793939560063707
-0.21177137575894195
1.0122377638059485
-0.5115668793487216
1.4986391598898432
0.8389187171016299
1.0250516558514118
-0.8346445811561352
0.9095501671054447
0.08879972939056863
0.2608978384896347
1.0664410660447627
-0.5968702763178817
0.9832642593091643
-0.17522851356629204
-0.15855404397477862
-0.41916385591886257
0.7033712894397297
1.085771056744543
0.21986582085716017
-0.9939334720813162
-0.16522841109401704
-0.834461633588585
1.0986285966801226
-0.5190884624094931
-0.5964623070024975
-1.0505660249109774
0.4619117189974981
-0.5194553005232674
1.0730292451629497
2.1327557168267366
0.9824233991918525
1.5488514782920138
-0.650410460157824
1.6806062365211032
0.8448161537276022
1.3233033208749918
1.2689618918040104
1.4783821095302094
-1.1891076765452377
1.082220478678159
-0.19525805450748718
-0.733132714572279
1.0276572163574484
-0.7120343796301085
0.8922486759607691
-0.0847463233279645
1.554445396467581
0.3229379769181286
-1.2156325166350992
-0.3907089739388207
1.1271751276981286
1.161508382821632
0.9688851297843062
-0.8215926997249272
1.3258660028387426
-1.3644536077615277
-1.0932831003511236
-0.5859065121606566
0.7641785623384707
1.893462622744598
1.1560058190119915
-0.9598948798889955
1.556101834331186
-0.6836662704988705
1.4687506299153943
1.7647193866247026
0.8410934073704437
1.1086723543775305
-0.12811141136671056
1.1589550023626696
-0.07614795980643763
-0.8196777994573583
1.9078807925096084
-1.0414224653949649
-0.8337193885768488
1.224959307265221
-0.8865833290413416
-0.8951010113604589
1.0743666114501975
1.555036574146182
1.9278515407652626
1.6043504382983833
-0.9712709287030126
1.4964122224832508
-1.152923490320125
1.5732138155391486
1.8150760384653963
1.800817480402912
-0.08983165616150107
1.4163288340691074
-0.2065678898805577
1.7626775127070458
0.851216446545261
1.1463469291667565
0.2002750937129824
0.34700231267121656
-1.177374802897807
0.09303678962511447
-1.1531446367373344
1.7856109789108827
0.2783476536577346
1.8739989807836817
0.24231158468277045
-1.4247387243825378
-0.8515493275167543
1.1198667615267166
1.982298698720775
1.0630013068310202
0.1397312376320917
1.7250316450243035
1.8537031695910438
0.30790118942276806
1.5193685543425843
0.2334750847300623
1.8000925830663606
0.04924335036736999
0.35865770309428485
-0.9348107356889488
-0.42350659903253235
-1.0429346148684286
0.08128321995255322
1.1147199541973187
1.3016421737338015
0.9284559041473919
1.7844993325163108
-0.39701480680349527
0.10399890911581339
-1.3879903193492595
1.2924419311887874
1.795584614939366
1.1211884990963983
-1.2781077113280357
1.8257606234730561
1.104311554654089
-1.4353558483829898
1.7583736207998826
-1.367879109725908
0.915232459640634
1.217923706637599
1.0622385262861302
1.1903399265434134
0.8968996056812237
1.6973628261782756
1.5621077869390316
1.9760660129264724
0.898468302362943
1.501109124580425
1.7594778798510446
1.5697469704573408
2.0061100914837855
1.0612913482824917
1.3213273843695943
0.8825325335463354
1.840916696440449
1.9529330975377737
1.6337581486751622
1.281034374509166
1.8859974922988967
1.3585220485901892
1.3315011224176703
1.0300762572352968
1.3366822154251432
1.6905969355315225
1.162388904022299
1.1444574357316268
1.3381488132411605
1.6834501797896493
1.8011803640181765
1.6630826180617746
1.8149932089450442
1.5630900998849733
1.698469621002785
2.1277099557466967
1.2833276342249111
1.8673528134612665
1.4520226875418978
1.8677464737341307
1.6246494195717687
2.005885131048773
1.7191936735212272
1.891615861755547
1.765622345290363
2.060378347026604
1.6672815958987586
2.0149844560346315
2.184106822535762
1.5911501046447416
0.1588621389624965
-0.5530571569288969
-0.30263814578788156
-0.6518056239586083
-1.1336430890460434
0.16327834679973183
-1.0676805890591257
0.14817624985341615
-0.5171202834198609
-0.3263677667029505
0.721818498443197
-0.07320158138512983
-0.8085036373137102
0.07267896412356095
-1.252050104243964
-1.2126784800338066
0.22556867528515828
0.059124214814468334
-0.9291200333123337
-0.9772476371185324
-0.10532307446924888
-0.2749869537091089
-0.6184224480849649
-0.050927841853351696
-1.076587488876566
-1.3591787670468782
-0.047574498323114944
1.1588051474614334
-0.2979127198925377
0.8126826761958608
-0.5176342749014753
-0.1927266187536129
0.8462699961869913
-1.1950481576822927
-0.12195553929038166
0.1726601123053813
-0.6427213339612723
0.2751181822192755
-0.24841756548386945
0.23619370087830174
0.28983961993140755
0.07594973698463764
0.06028115104182197
-0.2975760293775162
0.25706553879355404
0.48123357950338397
-0.16756170200629666
0.05821960192397341
0.35497851513951534
0.036815054630918
0.11145350596669873
-0.05409849869253741
0.1490526897550017
-0.2765558879286832
0.03737811086745413
0.8639662365158656
-0.08503603031327706
-1.570383682129869
0.059082054934291584
0.0424037554966607
0.6715556353567356
0.4254488253207318
-0.027799405627155604
-1.0824875767513322
-0.05270611262178976
0.1025593997294435
-0.21809948922057193
0.1873994391147853
-0.18911678157179063
-0.49886999379549873
0.1638808321022589
0.28643231431751515
0.09132205607697114
1.7129801369323923
-0.35705690139483764
-1.4837503627719586
-0.38830232372595413
-0.6186328987428498
0.2206166185873848
-0.9246027405824186
-0.3080351285202542
-0.07319747739869381
-0.6483949134826659
-0.16674287097726298
-0.2282806355706612
0.9273097259627818
-1.5337436485554712
-0.2670188558956929
0.2536012926301491
1.089460845392245
-0.006484261284720516
0.34775564806559434
0.43046674004911883
0.1707670684781813
0.390974535160205
1.3950215737035805
0.20198564520537138
1.1134184304281969
-0.7938403093044908
0.20111610832728172
0.21682334017006938
-0.2566025217075409
0.08905139413667018
1.6450914191989767
0.20816890213121642
-1.0032783799089173
0.2768100306524137
0.57558521851146
-0.6484085551816345
0.7727514734889067
0.23678120767288457
-1.1915097482724606
1.2323802491633302
0.14253691062725485
-0.7168353753611856
-0.6307750064894508
1.1547887379334758
-0.5498507906290593
-0.8226772940359852
-1.037186313758435
0.320071817669061
0.0731439482785406
1.027847586046145
-0.5447157271777328
0.23598452448932158
0.21385987192668485
0.4057865716847514
-0.199443914517125
-0.4831608505717892
0.0541502916484109
-0.10676790621787552
-0.02167825151158881
-0.42989080021374554
0.1773478866729596
-0.046515785388869524
-1.2595734581791376
-0.10558106821164653
0.0414761452443993
0.11049494457305425
-0.6559462317564471
0.14901753045205635
0.26930064410148086
0.20777106089183822
-0.5711000886197373
0.6822710016017246
1.9075973101563317
0.3610598502374603
0.035481279820187284
0.13436364928534655
0.23340330692079087
0.27119846234646466
0.28480535184104216
0.25230469612366735
0.21374305615562586
-0.9010279146215916
-0.029388976897483432
1.288488328121031
0.34530202906462715
0.4008743292196204
0.45049193996392806
0.10368148861650114
1.182275978505364
-0.024505272005501344
0.1700789804913499
-0.5903809921742122
0.08539706840470968
-1.0289549103853555
0.333389457189742
-0.3157910652905331
-0.46072644426852677
-0.34833619266674104
-1.6662767468192314
-0.031046969670108837
0.022346696835858382
0.2460233265075073
0.2574385182887576
-0.7841955549514246
0.13480985447330712
-0.9560363736079223
-0.382949232851794
-0.49217582772693674
-1.2521187885711516
-0.8983213020316378
-0.5894255825479155
0.7411595718913774
-1.1023193656471546
-0.7006412886031392
-0.09419892022534343
-1.6495524167929367
0.33969689070721754
0.9941349094958631
-0.1787309648399345
0.5265868947019322
1.574167108251695
0.44656569468167795
-0.3562487004860588
1.1524144336262971
-0.34803222270352124
0.08726098387813896
1.8036613154261962
-1.270718645658518
-0.6385951049208956
-0.2889351428079345
0.1213822673277021
0.6503086160835461
-6.140708408691742e-05
-0.4655597420481476
0.03195962620685072
0.22777395658028754
0.7390143834751168
-0.055869852334437586
0.5884857260235501
0.2856565786724523
0.2437030644768583
-0.9607666494089266
0.0985312751806578
1.0392154213816012
0.35842186094469936
-0.08538479459587128
-0.5276388207930176
-0.16502664464293698
0.5803077726126484
0.09881009065223861
0.6432113794508948
-1.0842955333023412
-0.2651120712388479
0.11130565471601644
0.6692721698708683
-0.5882974495499604
-0.5721321755248592
-1.1147219491469582
-0.47603048465993386
0.3505979005334786
-0.4538032556664789
0.891353884497244
0.23913088203232252
0.1071925378916318
0.4526982331782369
-0.884145340516753
-0.6126303717157711
-0.4141599977545429
-0.633971785346392
0.2027830859150408
0.04627568467586057
0.09670878272537925
-0.36429395576913043
-0.12051672612243619
-1.3309958703088796
-0.9099906763211678
-0.36447391285440517
1.2045617449752704
-1.6727833220112676
-0.5133789602737848
0.309728615047154
-0.6007833869508976
-1.1771398675061733
-0.6955939142300065
-0.9310044686739951
0.010257160568777401
-0.1906681823477519
-0.4763313633587742
0.24749351157287824
0.48630163849846775
0.6893292473020066
-0.329779586538178
0.09622831635785611
1.8927568643544197
-0.39950432341802683
-0.11261500255222828
-0.18620516822429395
-1.5120187382471026
0.13695519834275505
1.2846420639503624
-0.14455334935131886
0.5962952615995987
0.3445893057147875
-0.7650332068025363
-0.5026677585171733
-0.6128639321466407
0.6259395223201971
-0.006906727222366904
0.03855802307946715
0.1189022982436356
0.25011179855225757
-1.0506407658885089
-0.1413228927204005
-0.8567655383179613
0.23160044330163748
-0.1795829956281571
-0.01813918737097303
-1.1874673905719562
-0.5653977829153074
-0.4077284508168228
-1.4341686738889543
-0.8653159924099063
-0.30480913168067086
-1.330650389923765
-0.6421299965271976
0.13812961143806018
0.5094167352790226
-0.16807789968899983
0.1673607723125212
-0.597489337095827
-0.37299962447921037
-0.002451972305382688
0.16165219793355295
0.09182639260543551
-0.2856136552717518
0.4175496790512901
0.3494080210267461
0.1939064800674029
0.32176175836680393
0.23692212164997214
-0.03628739847955692
-0.7410508661786015
0.07554486031366231
-0.3107585254123077
0.03996049942317065
1.2038481680410358
-1.0518273276262502
1.154914816799697
-0.09674479541784958
0.5628871470745735
0.4585328681791613
0.27331597985863043
1.4764312255662415
-1.747347335370707
0.2093770444837959
-0.5096627976832964
0.25872328743550543
1.455465160115841
0.16832324214150407
-0.21491215981317574
-0.1313563342814888
-0.9383110131639281
-0.09288083984063789
1.6056966878913654
-1.0935278907979324
0.13441047399541084
0.7901808014425087
-0.7780598858859196
-0.5388823800663987
-0.22280582305903612
-1.118409867376353
-0.4302997523083671
-0.3626411025530695
-0.4682404577313219
0.05432318286179477
0.2898910980927015
0.87268886255395
-0.898319799218577
0.31039499835083445
0.6249342838578233
0.0495486919462515
0.4877684263634032
-0.4096118362410807
-1.168880428018637
-0.7865690105443892
0.10229857594642877
0.3264560452966161
0.8251262341259287
0.1770572873394275
-0.7807057961948141
0.3538310837680393
0.3949694322494704
0.6191125140992189
0.20083331813402436
0.4155012012672569
-0.22065188758722726
-0.30533777584256366
1.8769028964414003
0.17356469797966023
-0.9597694866097983
-0.9199021434266379
-0.02124494852319886
-0.4226537053461889
0.6521367192660807
0.0009071912998807607
0.47195444228447175
-1.242695854500844
-1.2125338215443133
0.3036771047518827
0.30298145689250006
0.902584930054465
0.2925434805213402
0.7116166832742838
0.19579913144214475
0.16002506250324955
1.643679232625215
-0.9704807839634868
-0.2597813296868147
-1.2279071793144485
-0.45224142256499816
-0.646621106502882
-0.37984295940657703
0.2480875643822436
0.26174319480201896
1.1180164937548387
2.1831053502419806
-0.07158141482357477
-1.2144028916502092
0.24218669236457718
-0.12562931472388023
0.35398700744324274
0.35849518767888006
0.9208254857835312
0.09861629738447669
0.6199982536775903
-1.5674147156311171
0.13108964559962133
1.052252360871813
0.2818443377845022
0.1847605721719435
1.2947492816346593
1.040614180091981
1.1269384871094321
1.4247589832919694
-0.645967609606102
0.4256830325755805
-0.0476079746306432
0.12708113456097825
-1.2001479346112223
0.32250401431142195
0.3305562816732458
-0.5270809247019776
1.9705328200236425
0.15896697958806588
-1.6688352773532287
0.4114565946659882
0.07737749578635078
1.3135677873430165
0.5438955628256652
1.387697251143819
0.32320756265113443
1.1436100157397355
0.30038416151475733
-0.30440040596894996
0.17363847245879632
0.0836402004243369
0.20912188941116971
-0.33375710701015343
-0.9590946642786744
1.1008731277725579
0.17787747003967452
0.23293305048345797
0.08969334079840391
-0.652228200354459
0.7949068703711958
-0.3158444757736531
0.24203851431576293
0.19171265466248327
-1.0411832106231096
-0.31056024680860234
-0.013039260199413871
0.30756375702688765
0.18201820755113798
-0.024506030017870162
-0.16333451080264688
-0.8029073905788697
1.2947981251827083
0.40342027216773857
0.16918161089959055
0.07884887450638733
-0.47144023082886405
2.079007521264014
0.0905594231037537
0.0985379688182712
0.2775202942289249
0.22897870956584118
0.21962482019132573
-1.310926335004815
0.027305103456393143
-0.06357141259995863
0.24002949157897835
-0.12522219044865407
0.641302042611004
0.17017552026563162
0.03604700053323756
0.36852175301999635
-1.0046947226028418
1.1456630064459719
-0.5119913119526343
-0.1473562545351727
0.10388427121604532
0.34142743819358623
-0.2724652708874777
0.7761763803849777
-0.18154762480708536
-0.5069405424427587
-0.5867696351420919
0.05835314303150446
0.24057182238871588
-0.10574404078519334
0.6494895585259113
-0.16636509637205582
0.14143446889632036
-0.20411969211228614
0.8519412399759725
-0.18934275958220942
0.5727657818396545
-0.3804798323844402
0.3768060894530394
1.1144069620115582
0.06061476383972941
2.035235203655275
-0.6152160379382616
0.3024714220125754
-0.9954665888827705
-0.5375687148933279
0.23474069850895868
0.1256462370542233
0.34740515151413615
0.14615232054862634
0.1628455778839128
0.07239315584552436
-0.24962706076891722
0.3015923650034603
-0.5648816371606833
0.21928932022452047
-0.012291546422695032
0.17095943195568492
0.3102699453303904
-1.002083203365897
0.009382203117334564
0.11524296034845577
1.3270108114521122
-1.099949483369185
-0.02968671736761236
1.4094609592069685
-1.251492073157135
-0.39824323240183884
0.9773834854709782
0.2292234674257025
-1.008032972854964
-0.31179602097713593
-0.446831242752402
-0.6498581081445307
-1.2248139054025107
0.1594784208731376
1.7004977720075953
0.2662629318524627
0.26129332203385813
0.07657911944969426
-0.09055376683497479
-0.5265492654799919
0.2859986392503704
-0.22286289312128055
-0.3040853720569871
1.1223280070716137
1.0946259795104707
-0.6994390325987123
1.0732498993801092
0.04653600117306783
0.4367911374747668
0.6548556616703454
-0.3526939972250302
0.1250840522729244
0.2474482216193809
-0.343832127660289
-0.6435670671342664
0.2610202452887341
0.6284754102693781
-0.9790012279705851
1.1025353387216703
0.4367874028105017
0.23174727404603407
0.3111561095515539
0.44158789723435865
0.3060738986708284
-0.09052369223365125
0.10747211332880108
0.09856055265011096
-0.9016822812156995
0.20892857636679862
0.20163027593250768
0.7657192156164967
-0.06059297520386547
-0.42476167612768506
-0.9568933540048008
-0.45278689394117805
0.31863742434420467
0.2896317997685252
0.44760640788265504
0.8228946093538022
0.8436815198013162
0.26110792994604104
0.9365605158907375
0.1821608725931823
0.06253618033952102
-0.4622143156396212
1.5678448937745557
1.63416293053546
0.38610590303946185
-0.2521463528601508
-0.06029984174763675
0.15484062411696356
0.5722435459434889
0.3484601656148542
0.31944591929308486
-0.2217482293450987
-0.067278400246852
0.1622317016536592
-0.028510919043706673
-0.14437717512390597
0.10197037330373718
0.24956340649553602
0.12974828437574193
-0.30202912740061655
-0.8279260430487272
-0.07731652716370613
-0.14856966988857684
1.158400749996065
-0.8518186416045255
0.8250337890204771
0.6841654214458268
0.1939608593052444
-1.0246206730657115
0.37702350533097806
0.8526958819458224
-0.41013701772684125
0.052598758817818225
0.8223450444269136
0.39250288494377394
0.5929308961623148
0.18308564700200552
0.3073408625867305
0.3763113269194467
0.15963854446876172
1.124845205852593
0.18982596612449412
1.483375991154922
0.33328484332136793
-0.11883695607590278
0.4066562166475897
0.20071241403490336
0.09250513545737177
0.18261053332148247
0.26721192435262175
-1.2131169950503298
1.9639687675061093
0.6119451152853501
0.5651775737894327
0.26589675701390375
0.2780427583040791
-0.14229692906985164
0.2432117967060734
1.90957402619746
0.10726494610894896
0.6588960085592158
-0.008923809388921955
0.614202312780864
0.3402172326542379
-0.11213824914844278
-0.1199981995424863
1.0388665522366274
0.9658677640609576
0.1449612258484449
-0.3469130645868765
0.12066879166614292
-0.43363346313135603
-0.7846015889835491
-0.658408878538135
1.0254948305774036
0.24974279666868038
1.0486754635799906
0.13666648528390954
1.3634373056152302
0.43163645509045845
0.22810095012750511
1.7095674473748388
0.2994397098300444
1.0509525659495527
0.38704429782987326
0.4344581640546561
1.0549071818477274
0.1364513859179425
0.19028178709146676
0.380737383578872
0.8462497463605463
-0.0026401959720311896
0.7129634103002467
0.11085384988569424
0.5824034645077885
0.2966339774452234
0.8241665196982126
1.026128551809575
-0.3723312535940932
0.5876069170554443
0.0539779682281486
0.4626903344147978
0.28407848286524867
0.04509675427671356
-0.21415195202156195
0.5634506287723751
0.9354065825241222
0.057680034555058934
0.18176863430648404
0.4377239987779866
0.2185497857021693
0.7355298272614121
-0.1979319177805165
-0.4472056667670607
-0.15511177304566331
-0.7738459451521182
-0.19714694114525183
-0.019050496351097623
-1.1866498825130425
-0.4812735826348828
-0.6707375409596965
-0.9437647381666239
-0.2683860472022282
-1.0683906194532933
-1.0358143792424324
1.7144636457565554
0.10607253927723043
0.29838925707781194
0.7652279988752178
1.3497921154874428
0.6948443125825203
0.3642340044813303
0.7959880676541287
-0.7506146996850329
1.978593822722577
0.7320753370331702
0.18842081424022972
0.4426440281524998
0.2017900380727718
0.2665859308196745
0.1242857302983349
0.23484360095391443
0.8990214438637529
0.5462618370629104
0.28601806125226925
1.2609514881017092
0.19461938393202594
0.9336846196686024
0.7767406604999779
0.8579797313767739
-1.1171946115651685
0.11486513467457282
-0.7852502390294831
0.35295078243328926
0.14677092026962654
-0.16321784575444948
0.3843517816527311
1.1175130745994113
-1.3369410886652713
0.9743621736711143
0.9603230116455781
0.577632174908854
-0.3482112650988582
-0.10484218312982158
-0.1728215096302445
-0.6954654760245151
-1.3334603139058074
-0.026675584372859495
-0.4470821885247968
-0.4680950336624958
-0.2188300891554132
-0.35361277137765773
-1.0149169067474582
-0.7684529953941612
0.17751534202202704
0.006873602510958643
0.24824938220854997
0.044169718849119854
0.09844284920369906
-0.17252051183909006
0.5293067603997185
0.5368147903116679
0.8243462966638494
0.26134099636475866
0.8010734568791268
0.6172123217670984
1.207220952400878
-0.43312617196169273
0.00036904714372038017
-0.7229269953509296
1.0904867391818198
-0.8894924570177751
0.09352476017629152
1.6395853759442827
0.07078825236093211
0.9167565518729393
1.2464848328470108
0.3816465985022271
0.7150404152002376
0.7450503795187218
1.2714041682064312
1.0626998902550653
0.5277257358975955
-0.4456574639510715
0.3017331508836388
1.582723273397418
1.4506547286541422
-0.37933614487649897
1.5870229406065754
1.6580491159898305
0.3623615394785852
0.19057326368439878
-1.3843852664158318
-1.1732299774380321
-1.177959858577289
-0.6618216890717084
-0.8712912143322176
-0.8029147156907339
-0.6331818868631152
-0.8022408450102494
-0.9567679750525344
-0.13056489912858055
-0.5518869440922871
-0.886915160652122
-0.6226573508400379
-0.2514191420896485
-0.07826884772830489
0.4028112866714733
-0.17638286050703317
1.013765095004212
0.06089449548836384
0.1653974972559251
0.3276176072611451
0.06922420569309645
0.6345321555347079
0.5602654856778421
0.3908023412895011
1.4340145829441335
0.12405618450095982
0.7294610246181011
1.7910230513205094
0.1644462191033248
0.5903144023507738
0.1453850555384718
0.3764073189704744
-0.586754103227656
0.21138297914296555
0.14648353139713077
-1.0047077063843834
1.4048607630005534
1.3682358465167759
-0.5223916852183244
0.44134186530821107
1.230423953785833
-0.24602669053176135
-1.2244179766508878
0.5928350297385045
0.15614675906342604
2.06915056030353
-0.0702686899207538
0.1605945763179889
0.2247937005942851
0.7701937704407067
0.12052869476790212
-1.1560260377323772
-1.0376323059824697
0.8267004666768036
0.0653865097445146
-0.8831959943633865
-1.026309291934995
-0.45484620663731795
-0.5549491320579185
-0.5521420201690719
-0.4456414704908928
-0.5638488581076231
-1.2870548937754525
0.08390656627843424
0.7819425876238003
0.8486826074550271
0.14722334423053002
1.6186907057106914
0.7224109840397059
0.048109915186704655
1.2940539278690932
0.13464932057978696
1.0226784583046014
0.5410697652012384
0.44990659305564334
0.4338376737111558
-0.11765383102021126
0.37251390755199837
1.2198075626913452
1.9588250365523643
-0.10049754131999405
0.8118551713868247
0.41903209192609286
0.11616741907399764
0.239516598461132
0.08028068043817949
0.4432881504851456
0.010495954443999533
0.6496077687891624
0.08849564113878511
0.14972357728846591
0.4154324986017086
0.1233956383345334
-0.49634292941584585
0.15897550789292397
0.12236616551061141
0.08950343181783077
-1.312571318199837
0.2091172032860384
0.6148765613815395
-0.6752411431317182
-0.630227382475147
-0.9695560212221135
-0.3605036631818926
0.01719312209327728
-1.0473000442141447
-0.8776476011439931
-1.1925463640480436
-1.1490572884903851
-0.6314414642632022
-0.5324800917188053
-0.41748235896175506
-1.4595542997692215
-0.10906621295259228
0.9932309679230162
1.3857011602846148
0.852900666366927
0.2803510899119003
0.8304251901386827
1.9550914475775345
-0.8141279179950782
0.3404841346647901
0.15104956465441324
0.362479721230722
0.7617767025039301
-0.3044759919651511
0.45609058719365003
2.097403458882645
0.904606639207719
0.9680114548651979
1.0030461992816704
0.6111864000201748
-1.2085421921537554
1.6777527936305376
0.16506972346647444
0.8904914113666835
1.297616893623734
0.13459057413315165
-0.3356037941290388
0.49442119846943233
0.26058564324016037
0.42799800048032505
0.15993780314411488
0.5242756693222185
-0.5766824439523281
-0.06040483189929141
-0.8279130324721968
1.4558655550221447
0.2334358022547009
1.4208063787251548
1.0878392641843104
-0.5311127480734374
0.5027284418043836
0.08171906239170584
1.2773171585230318
0.06806233560630148
-0.8123947502693638
-0.6767616722680041
-0.40052512173055316
-0.34366447965149677
-0.45067570414523156
-0.06951558506832828
-0.3953213557156356
0.0999890217534945
1.4890332105524187
0.6929028107573829
0.4537714956425693
-0.03785210558133495
0.7191804203218755
0.9512106592321445
-0.11080575471099169
0.075373880814885
0.7801310815180064
0.3067519960833128
0.9633944859879464
0.6449532743203477
0.8535975844385366
0.5305001148167423
-0.04279121498532662
0.21015985532977358
0.040228352878496854
0.048793957979592295
0.39826994064442234
1.2304323805054982
0.39378244245152416
0.5003628227303458
1.1979967683686292
-0.1956628800655102
0.1648862112410152
0.4760526680355681
0.766932056772895
-0.3842132837582715
1.0478928470435818
0.08446660084149954
0.14417958716894697
0.0977579228032569
0.029433662701038033
-0.603549582414316
1.3530387340102974
-0.1844953572999916
-1.5785053056184377
-0.835720485334077
-0.16428560381154983
1.3078263781068027
-0.38404202287351036
0.8738459788989645
0.14454763509189716
-0.4570474598794451
-0.06948456042761592
-0.4908587160618951
-0.611944502350215
-0.6197020122884283
0.544798035770873
0.7289521001988177
1.3899900456186856
1.117514199372987
0.8388501935651842
0.26800611575455635
0.05561761479882782
1.003605606311277
-0.7056174160731357
0.5887238593274031
0.6872447575000882
0.20688899219762769
0.15756118314163775
0.5980123579991287
0.2560598127575765
0.56834693999069
0.3324891060284559
0.19823744691517708
-0.42211033959582006
0.8618573890616028
0.15281865236449205
1.1499463132851677
1.7357530674577195
0.7791401161524848
-1.1907829927187834
0.014677387694660482
0.42725238514475006
1.3973336766277242
0.8122325334822367
1.9524906151798482
0.7519834689629026
0.20282326169739093
0.7983479614510951
0.15426059410701054
-0.07775494013760959
-1.1481773717940926
0.16991456338885397
0.07987124093730974
0.772645790731624
1.1808755718672708
-0.11274929294054609
-1.584993605647542
0.9175134995088301
0.3975050771755836
-0.5179807843196591
-0.9450891115789397
-0.8083902473833318
-0.667091291604208
-0.2405836553309652
-1.122462016527811
0.3674943514907971
0.22673219845000708
1.1151483628758836
0.1958126320702912
1.1505849979830012
1.1409682795305933
-0.20693451791109113
1.6815058895014
0.21321368524990314
0.1334524328260285
-0.02868216959397446
-0.3518985473732337
0.10716825563728907
0.16111625890017636
0.012167272190683864
0.14147768204599592
0.19942111777407942
0.5743590628908986
1.0440309265345016
1.9958602250959045
1.5150368508324088
0.14093207856266488
-0.6098116808890328
-0.5992357721826451
0.8272131378942367
-0.8959180531354085
0.7989267664264272
1.1048215338716694
1.081042919080991
0.42158810626773
0.37403346266795334
0.9414754572939312
0.4015561747604961
0.7069869161910927
0.1816588209134578
-1.1103215981208021
0.14933412278488506
-1.1181866334283426
1.1406184200133573
0.3677650996505236
1.576157535293579
-0.9875757353160426
-0.8732685335602213
-0.39266003435953306
-0.4798986183483506
-0.6830412538708268
-0.32458427725835876
-0.03126767602948871
-0.1349641477535884
-0.24617060455211132
0.5422803500301142
2.054112398127443
0.601473482136988
0.8535920806147148
1.2358685254555064
1.5907570359202448
-0.5840756678887293
0.4201358905347648
-0.2930100107128892
-0.03422798014767603
0.3528686637806916
0.1797410287694343
1.0842211146694722
0.7400344825871379
0.633357609599283
1.8723578231258617
0.3753248698288698
0.24585787940819248
0.10701021942843097
0.14771176894172597
0.48217408329683886
0.15354447230281637
0.14641357794627624
-0.7228873726424598
-1.1724705521908965
0.10396102141792318
0.2931737767633239
0.5577679857837411
0.4258913104972668
0.14493278718237454
0.23314517125039552
0.6771515908267505
1.7544710583786336
0.8151260441462042
-0.7758825525893662
-0.48060429772289076
-0.5246425176911149
0.7488376884919514
-1.3184254551617782
0.4507737653024075
0.39450562944145057
-0.30348369214707555
0.010145295350133254
1.0957665006708892
-0.9513573683441188
-1.2660799716736248
-0.6723783588572396
-0.5333375999682561
0.07949921167211565
-0.8380799973243691
0.08756029453004671
0.1398525924961519
0.8970461806919516
0.5775841414067135
0.5408856897331946
0.2038960402078542
0.2928692948592802
-0.0745953355230991
-0.9080325936010964
-0.12505018360267528
0.20634776480997186
0.234745628581094
0.12439339246371578
0.5807876440441697
1.4905050244766833
1.575118888147915
0.14128204948381962
0.6880968255254892
0.10186863211764008
0.7519119968807968
0.4622320617773941
0.09270635340745326
-0.5563900741816916
-1.0245988346339503
-0.8870073849974225
1.2179047698026084
0.24650320736382303
1.1192781559140292
0.14822949337920233
0.04423749593314913
0.2066597388353415
0.4650379295961974
1.89656702386232
1.4776588578227197
0.15731870927331948
-0.7414306518105584
-0.4318031227508005
0.04397054383008009
0.6564018955291469
-0.9229999400180291
0.3274144143405899
-0.1409714761554724
-1.0655343226459315
-1.1478910289326352
-0.9430894131492129
-0.8523401879681975
-0.1653094246471934
0.1705398716587871
-0.6306221901467912
0.13488159104530123
0.15029634707821596
0.24496587021157384
1.2282809892268933
0.6477506233389176
0.6312745243212958
0.5201036254374973
0.5580523068503105
-0.3780026560072833
-0.2158759242577713
-0.09287133713303225
0.16907979057020006
0.5111072179284197
0.1229556373655506
0.8581708348089205
1.1634121204339494
0.52279037953467
0.4422221322947356
1.093804205078482
1.00834770096774
0.16090307068848228
1.5653111147228804
0.16332366090379116
1.2296321050567194
0.13136416898871467
0.23678172702805983
0.2889492517713273
1.6796845083674408
0.18976128882600385
0.632843507385737
0.7274539836172922
0.7480281353212461
0.9246147959116138
0.13003820574381536
0.9159412249832506
0.30863298142906787
-0.4776196265188219
-0.5954845481006423
0.04583307478474391
0.08203500732086971
1.5583667616099692
-0.14274474721609715
0.16297783266442784
0.2820543802250861
0.633584165305795
-0.6694805692148986
-0.6926765569651894
-0.1921464083374323
-0.4838009571911385
-0.6101328165304394
1.6090476033640766
-0.4732643922358443
0.4581206217646095
0.6364064549116626
2.010975903848516
0.46469613147174915
0.1293838680674274
0.2336165843573471
1.5307308262477477
0.7417054459169224
1.591115429049257
0.2596673069991527
-0.07679763157918623
0.20070165283203004
0.32086062817168015
1.1785749603951732
1.035890681691616
0.2687418278500969
0.8181480686929323
0.3142798420649681
1.0018977703835015
1.4597793806589527
1.3383225159016146
0.6572016244295571
0.981045826224161
0.8441344765565573
0.13933966811272291
0.08103514554321495
0.2521381044840616
0.8584230673306643
0.35446917676403045
0.6432575910638857
0.9154449832968425
0.38939026835338936
0.14880439800007228
0.12789466632220722
-0.16087801403191565
-0.4009914003900738
-1.645237764579331
0.7203667685070783
-0.5955428087149319
0.13588093991795513
0.12285768374544204
0.25429005293388984
0.08547634842328555
-0.3655573231576445
-1.1024666080368506
-0.36564151539459816
-0.4685821108914347
-0.010448807868100818
0.40932655467847023
-0.23015890997006233
-0.905565135639923
0.26960408319684365
1.2269366461987397
0.2689623948723907
1.212789948367995
1.088387110242879
1.1099665673185326
0.6950650797644451
0.19697759523815148
1.0495538525309238
1.1793417362637582
0.8900409912894274
0.6843889444244526
1.2155304797875803
0.15948786619502614
1.6167883953196391
2.1285335787700688
0.14254653498740993
0.4221918626062538
-0.4037772872608551
0.6078302848111319
0.33583576985813784
0.45073373008214146
0.9089181725560112
-0.12774091434641094
0.21984203604828628
0.5607961409643385
1.7116687239579982
-1.0211894376298318
0.8195741106531058
0.5693941151263616
-0.059825155152805676
-0.05422048041028388
-0.11228363804069469
-0.7040878523759213
-0.534500790239077
0.8748586919036139
-0.05999227640658855
-0.22666568588057862
-0.050681998766470115
-0.14537802917231718
1.1917060667365134
-0.16419150969906465
-0.5822182790827086
-0.08002069949041041
0.1504580892198425
-0.2382409837994594
-0.0023384134346670638
0.26816139235835385
0.30824444323618555
0.476266084878602
0.1324475197375729
0.397977716410699
1.3477263144358353
1.2677239678618855
1.863338755587793
0.7094830160642734
-0.5154529561457104
0.008900941595431144
0.03684452726211168
-0.4031283491054018
0.8865919826489073
0.8567045749743114
0.5769345517872171
1.4943907073467038
1.4389780103436927
1.0765027363411865
1.3297335148171652
-0.3635766963310438
0.663220891520834
0.8202155709875909
0.1974559314391156
0.42389118377631946
0.0031787438835853554
-0.07534990116918577
-0.20586280124421735
-0.04360496122888996
0.4637130106057244
-0.10421552523252803
-0.8780137020595122
-1.1411628121597104
0.1587069120467257
1.3449048276307587
0.6125786272212026
-1.252316444588317
-0.4940765124543773
-0.9677781721584771
-0.9008640839629103
-0.7897903858936088
-1.2323015106567732
-0.9548352666738364
-0.2636105795426204
-0.14585420582457637
-0.422103457991251
-0.2034899736397086
0.13801955296966045
-0.616014072028124
-0.7266317996064544
-0.35218376435588244
0.026050265730200584
-0.24601614420779777
0.8892562994994353
-0.35885248420091215
0.5119524050564095
1.6546576606173329
-1.0952673199510212
0.1236342740228451
1.0001949935227452
1.4727996302070396
1.2003618659633897
-0.5901579456353936
1.7791953375584815
0.9618057878361814
1.7986970720480935
0.17713523601016612
-0.14484787673295524
-0.8986195048121257
0.07905921272436273
1.2246939028940826
0.1525353472192748
1.9833693931552452
0.29937434364102844
0.8977592440966342
0.2555525230658552
0.0007189607478116367
-0.34647074055093946
0.06667596095312062
0.0704548846278939
1.381674163988311
0.950761238405597
0.052501303267093846
0.61850690567903
0.19652893355315698
0.47721835404858576
-0.25619541267414
0.010704886530706725
-0.14141524570856984
-0.2720252931982417
-1.4554223709901797
-0.5007477332770407
-0.7280269315136874
-0.6888468453930947
-0.06645505311618632
0.024613661327756164
-0.33830424063557024
-0.10523969306324327
-0.6871733025011733
0.24787124483183076
0.1024638980980567
-0.09456006425511593
0.7461525974547064
1.286777653384265
0.060378075654721364
0.15560551316211946
0.30822567437952936
0.1601459483260244
-0.41659599513279505
0.19413841088920378
0.17366673985897724
0.02104655243937642
0.5430675794543602
0.7995322794748909
0.16602831734706092
0.021591287712035112
-1.4436193576131242
1.4074906455558043
0.41117344383049964
1.2612482685305764
0.9873649593306555
1.7252549969957054
1.300257944874669
1.1219740998519092
0.19856159234375875
0.7491116258510953
-0.789438598916073
1.8098172804690251
0.8158694808073956
0.8428915304284978
0.26685728644441453
-0.13743497958292933
1.4205999647126084
-0.60357615764921
2.0500757690408906
0.09957053112362213
0.46982904728630726
0.012558122386069515
-0.033330843937182164
0.3909587273155534
0.06738400839364894
-0.07293159348281447
-0.7454226636062289
-0.8396837109866044
-0.3003556111195395
0.325608651157853
0.552405429233231
0.21009733610085762
0.2995306930232504
0.2269350139552223
0.7672436874958102
-0.13948349910928431
0.1607734244898624
0.13119242719937513
-0.8477393630294676
0.606547383241941
0.8295343220137597
0.4340141657691999
-0.2665057788228434
0.2756680177988754
1.7185998918930394
1.122543428966297
-1.1219375547959023
0.43459741943084523
-1.248025158452221
-0.49495319500429885
0.9118866882784411
0.8998359521964716
-1.2569186260129566
0.19827821353974517
0.7353352711368242
0.4881450404911821
0.48466134716510834
0.20011102726999871
-1.048880217347863
0.13534437532775956
-0.23376540882296498
1.3402584878303103
0.3263593648136999
0.017536527779858035
-0.8360795663877159
1.256873331188213
2.141093033888614
-0.9136160435624392
1.6237576753476062
-0.4440359321628628
0.8851832647196456
0.17658134300834652
0.40867086631125893
1.1021001324113708
0.40153383655250774
0.3246962941068015
2.1408999955327057
-0.19601201558839593
-0.4647834941450663
0.2815800395769309
-0.752750683211308
-0.2549815138343197
1.4507132444485233
-0.2921954740965876
0.5021585528570651
0.6354811208075235
0.26075057874452967
0.12948595289054451
0.4709261784559388
1.3008294221420884
0.19117404790124864
1.208481075261458
0.9624841956475259
-0.20895972543548585
1.6997432111897026
0.7941246001286362
0.19185184671493918
1.3131791524414294
0.5854369987235217
0.23927322421792085
0.23272672337453382
1.0017072018321989
-0.4389046565615226
0.21936437745846163
1.4235452146079393
0.10689697169101225
0.7986237167418417
1.3445409589398638
0.8894527835276063
0.23173335546584412
0.24300403723608818
0.826537013127695
0.06448879333853896
-0.3336185522124881
0.19352524364272616
1.2240781958226477
1.1552095006419103
0.18039243154186224
-0.2107328700140923
0.014397762967824634
0.1934901241889906
0.3753574798781947
-1.169756403683641
-1.0158110236183775
0.2019327810649399
0.46246749091696904
1.9580903330978676
0.26033534510339246
0.9389321734266614
0.4071627750879523
-0.5617903271549405
-1.2201442082178084
-0.045405178508654276
-0.4641261653589012
0.23505308156739535
0.5740606393151457
1.900514920134046
-0.4823417009865038
0.06641663773517698
0.19353054798224006
0.23156770378464622
1.2546187775884987
0.6019624456502668
-0.4964338789462816
-1.2835757346321024
0.2843784421745082
-0.8854988298628461
0.2954665252366945
-1.270508763965409
0.5465814070284896
-1.0973371775470373
0.15047813068333493
1.680820518965782
-0.6262273075326574
0.1416638988892095
-1.3781581293664866
0.254364867034097
0.5536960141905978
0.7848606854104343
-0.6680558132931469
-0.311497719461794
1.2479737498646846
2.0363669184970044
-1.0462656824861887
1.1412491469626989
-0.6983922766005366
0.9667510905887011
-0.6925610608969202
0.2949039842738208
-1.206334335070429
0.6916802377093689
0.8323367629181733
-0.059890627964412524
-0.10061635393328389
0.5868875959941415
0.5393600391169804
0.31933254115602566
2.12349712926505
0.16974477560176987
0.8336340597321739
-0.0841108063679093
0.8769973078178783
-0.4468842021942971
0.05543593264019431
0.06617064844988968
0.2688975582043968
-0.6483890128343388
-1.3665442549927336
0.9522672337887934
-1.3448722745703081
-0.25161111257801155
0.2628195713822726
1.77050859937054
1.1180855496422781
0.2297362686375904
0.3942002516512132
0.25664145664112054
0.3884630317148002
-1.472864126479996
0.10220802679523
1.3553890503982748
0.012007214190938809
0.198532506238787
-0.6169278034620866
0.04792053033180638
1.1002919066082324
0.23030266910992261
0.5945081894999025
0.24792978215068517
1.2058304907407977
-0.214823534078946
0.026933442008198527
0.36435709538733224
1.0722304845410457
0.22813603545944067
0.2342773048417966
0.5404805322961872
-0.6980940174681902
0.49178824552510686
1.1388070335425042
-1.393207345628299
-0.3744050003747656
0.08274924363262226
0.4936731291025298
-0.19752939813527653
0.434079007693404
-1.1552551063864542
-0.15250407033397667
1.3177854312962076
-0.4398459122654867
0.71096395862403
0.15513904521188396
0.13687994584231922
-0.2888245566832928
-0.3364098989189536
0.9327331465753903
1.9170043560328531
0.16786776022717892
-0.14767645443216032
0.06935682506638585
1.1365886862878656
0.6151274300533387
1.1069987745091414
1.114494867407761
-0.7014632721340812
-1.1397197799324947
0.1804064259768891
0.25717668592855764
0.5051430212422694
0.774806905858237
-0.48163096309609926
-0.328434946893108
-0.7757099394741165
-0.4585419664187111
-0.5018446609430693
-0.10112017846280724
1.2619644650853117
-0.5071248256686158
-0.008380413268056552
0.40076362009590955
0.8780908933033624
0.742756498678177
0.6890012883528613
1.1259717698661653
-0.28718087253374275
0.0156508847715654
0.7569925659560532
0.9574291854359085
0.3054611638641786
1.3655096533935234
1.9291051493849687
0.9223548125570902
1.5254502580501321
-0.4051774802002794
0.32642769250357456
2.1956464065890446
0.21742641422182418
-0.2696951433405283
0.09600858207356505
0.24121427903245898
0.6405464376302087
0.2793421001276217
-0.4977375925285967
1.1249697607849998
0.16968049650189465
0.8231931741867453
-1.1044446590067654
-0.1635236818492824
0.22079836019056392
1.0797198725035213
0.2578100544177946
0.5612492259268893
-0.6017059984117585
0.7951308186281254
2.17355065693092
-0.5470936267433872
0.09164689618024235
-0.7229721884836617
-1.072224971888973
0.5672016978374228
1.2956326224272534
1.3713856333685528
0.6746809926259929
-0.4371340878359448
1.5569301502530846
1.663687939216817
-0.267545718932167
-1.0222512927650713
0.6548327638689544
-0.0700866981348815
-1.2828683273695718
-0.7876660777452233
0.9610899921944664
1.0377569874823358
-0.14581194533057612
0.20188378519724084
0.4893993934360491
1.926520042141679
0.8828638449100936
0.13352715952146268
0.6170548252237262
0.11554366238169941
0.041163707764812985
-0.10112581561910233
0.008760248663688575
-1.1758018497176923
1.380917413281059
-0.10730850929571761
0.4290744687628621
-0.05221618313047616
-1.1661154536584235
1.1790806306607262
-0.3532531686613782
-0.13148916041787778
1.8958909645110458
-1.0777939628416846
0.7923168916030789
-1.0248208615568182
-0.31489146498670456
0.9900591687509075
0.8872019953352563
0.7103258823762402
-1.3080937696495687
0.9248313148359026
-0.016589522285384184
-0.17499458721065603
0.823569268709075
-0.1352832982857633
0.7598282303086248
0.33661290400812394
0.0011017380016978273
0.7451981192538719
-1.359104721730269
-0.7728222964489955
-0.43957510831181573
-0.40520134580660855
-0.4108297417238744
-0.348616313743596
-0.3474974951874807
0.31911118681679507
1.0702615004641338
1.3939010846698727
0.343668265747399
-0.1476863942154943
-1.3984012703246622
0.2902096009429995
0.18008436679790382
0.21423610591966924
0.07843931530208575
0.23458347995542653
0.8004636118712014
-0.2714579991596568
0.6769635450870419
-0.6028472142590573
0.20054049569600263
-1.2418523829197603
0.46658939332199656
0.14700461413190635
0.1424019063961735
0.7903997630385023
-1.1055459248186204
1.2079502903749901
0.32471153672263575
0.27951636578489464
1.0808391414235754
0.47889082058841115
0.17443060613357217
0.25380980965203304
0.3540512509305641
-0.7345316675647808
1.602237997421407
1.118625313341059
0.04760796939188
0.1816519483213188
0.7689293527120666
-0.8525080636105116
-1.369786696267868
0.14916375295168316
-0.2682139107628457
0.7960421645924496
0.231405944285986
0.6720779176838094
0.1898355245475431
0.22033450209308303
0.10647109993238585
-0.7068052990042424
0.12100173879190573
0.7086822500995686
1.846462538822839
0.06949945259880058
-0.8030028612639697
1.1671565396431227
0.5190333339475199
0.6522789888978747
0.2302880067609448
0.7692721597154308
1.50783330577208
-0.17955737994489746
-0.25758370841997164
1.356055463362088
0.3165155177000557
0.13470619608256096
-0.15303414555155775
0.3017959087635224
0.493868612590597
-0.8690750584029243
-0.07346768392764141
0.10406286572416529
0.31584777148083726
-0.16282236069760275
0.0794752554689161
0.26485905544570026
0.51381029891882
0.1025960957872451
0.18066784662957747
-0.3834743353907804
-0.4253612191427791
-0.10524328182388659
0.8969810913125715
-0.954257304288501
-0.0939164710576566
-0.2131534650010119
-0.8971786386412519
1.781010977458394
1.401149740537808
-0.8175494560467305
1.4756474724739128
0.17048390367592486
0.33343352926612096
1.4720103291927926
0.2706878470161666
0.1826622679114726
1.2853078107924136
-0.6609600580068211
0.2761230689640539
0.035859977578372726
0.9129478245016016
0.565332479497759
0.587987064269177
0.14340238570656522
0.23590254360284368
-0.6029207929352804
0.3119194739179223
0.9056739526041684
0.7653966870902753
-1.2014835826090333
-0.47287322662930914
-0.2886923971241035
-0.6831180377205457
0.29545715774258263
-1.0332830980650092
-0.3164071160058098
-0.3439368884991842
-0.39679174042029824
0.2145977416322734
1.6753225315249785
0.031767842697841164
-0.7813199667624209
0.27245298831639286
0.3723195749632671
-0.44100793430742063
0.44089878142161193
0.09204052797469303
0.2425318922761155
0.17808636899841163
0.03076538167835513
0.09444374374731995
-0.8847873013116985
0.1802511966026873
-1.344101489333206
0.34655927762470373
1.2603076119187264
-0.021714773624184114
0.06128334020799864
-0.8353617098091526
-0.31026412513892226
0.04509075401923729
0.21811546144101682
0.27209709061996035
0.7001652631639448
1.2938338408562908
-1.2524728437507353
2.107065061602707
0.500332955672377
0.08589015205728884
0.23121861633059548
-0.08142436684187676
0.9862862750907964
-0.057293359567418045
0.5716114395288738
1.1444039869109708
-0.7766155069764948
-0.8915016344168594
-0.08977569444151795
1.2734874428655505
0.6641781828831017
-0.7323873757072801
0.7031785864943425
0.9571079424147921
-1.0095007761459234
-1.1752994771129546
1.276765960058617
0.034702726985118226
-0.8534983616372618
-1.6837899160279945
-0.5665107127688611
-0.5086864837109377
-1.4812711135999772
-1.4899502955963297
-0.29459848189312215
0.1299403202928326
-1.0972449228856913
0.2015847172960034
-0.6389432500510126
-0.6813679473572356
0.11401804938390114
-0.48001526952243484
0.23221581464806407
0.9927846291089564
0.07555196413493276
-0.2685935116605184
0.6229087024153502
1.0213408666090835
0.2838221632381042
0.24884224438411523
0.8879729110418269
1.0371293181232162
0.6057009770440105
0.24305165796270228
1.6702135454935683
0.2903276616413759
0.8671770913468053
-0.3713335565517137
-0.5243361269035125
0.6887326680547885
1.3585145492638475
0.13232536066462652
0.04754377175380292
0.09932367818163568
0.08062369772434536
0.038275046017333836
0.05271347034581525
-0.7724456717617234
0.16889271892840652
1.1150829842509213
0.3486800326358944
0.9087505520837182
0.02196568131028903
0.14671908438104897
-0.14921567371684769
0.23601712157921648
1.01707880091014
