2.136909399204902
2.5749487174156602
2.414488175273463
2.0894346150095204
2.218002460777117
2.2069814298483976
3.033457103983391
2.6840825966564648
2.490013604016964
2.1061844265366645
2.0362247204037938
2.0785139611111996
1.109780580290947
2.384314835341633
1.0560701928929814
2.7696131010285674
2.5874860153633694
2.4787317339644
2.5965890451943467
1.0903772205999491
2.491039896919733
1.950943128414542
2.118894350218568
3.3459067383980434
2.354465734013056
2.4723983107066037
2.486626831995406
1.9318536169457465
2.2205345691423837
2.268122073162144
2.4490416100975265
2.340854317765559
1.394118450553143
2.0926320468544066
1.7028818461951045
2.7351869318363233
2.3985491993045143
3.0410700850289167
2.5234732267369235
2.074637575094915
2.355955771387957
2.3345717188978563
3.487864645645658
2.489947720004741
2.393361097160052
2.4688709434026563
2.3892831067820985
2.00665158196092
2.6729050123826683
2.2427669461976087
2.5175265783707808
-6.951554927807344
-4.294264788978018
-3.771180409727312
1.9957938349650155
-6.2452999895529135
2.643389501012977
1.9670320382934414
-3.8253958376504844
2.4156597100177937
-6.655357946291364
-3.6136608324560964
-3.9142800310378396
1.8500102853951816
2.6430607823253354
-4.3065307400963375
-5.942650307682446
-6.676846127510895
-5.594741838574747
3.322941358578486
2.5285838696545158
-5.684665756579679
-5.910330039052672
-5.579430389328666
2.595410721927222
2.027144796760611
-6.3906700855954215
0.23423359545191347
-4.960614708136042
-5.828498941681598
-5.655527747574328
-5.49664766612968
2.6178742946715907
-4.589495921336622
-5.058405275153051
-5.780524496609116
-6.697645855203497
2.579551965039329
-5.554655139692962
-5.7345304072979895
2.8635926774993123
2.114243758878013
2.2916693047424745
2.501175091204626
0.46539355607227373
2.897764966945407
2.8877653752642223
2.5203875438710552
3.3109260259998505
2.696827636124281
2.1485210313633996
-6.801793355036502
2.540081634957671
2.6184749912894887
2.640848818893171
-5.540170659502709
2.772245250457316
2.4344181019291566
-6.553369132753809
3.298092254779516
-5.553239760477681
2.3867314295194335
2.660468491554621
-5.404350792684723
2.7416149509083763
-4.692409698958133
2.6138396681349336
2.469641192068659
2.011522621955552
-7.04603541233399
2.868858713753312
-6.178771475386489
2.7750195071175554
2.6557224836545927
-5.637061086935842
2.3778446209261173
-5.122378316271219
2.608331797388429
-5.8306684494736585
2.511359485679181
2.908200757078718
2.4261833682951943
2.643600957307058
-5.692634898452618
3.3952273503076045
2.6160202817429816
2.4275681180272004
5.024396621570477
-5.993641187386716
-5.513312991655955
1.4737716609573586
3.0154242851245288
2.674835226205217
2.6802390836631513
3.099866065053167
2.723635914487759
2.8136648280921834
2.713090970570007
2.558154149086425
2.9798167508772586
2.4359247789573057
-5.274403003788252
2.5232287417389054
2.3206783742749355
2.4510833500465417
-5.7429107878861485
2.5603677207172932
2.883005324086289
-5.5218516973848315
2.6232454009373747
-6.741895968188386
2.866173790033331
2.750691043417574
-5.891955709684539
3.283728488569216
-5.672097185763671
3.3681339908403363
2.981124112798436
3.4299587291735545
-5.862819514867318
3.343408284787208
-5.6428270997675725
2.064261293729561
2.59312134822215
-5.820680452889955
2.9715073073445613
-5.37462486746159
2.6139048680596426
-5.721673152724846
2.564375514225124
2.649220796255186
2.7636982839434765
2.4346096182565136
-5.782961899799098
2.865815813171662
2.8356528857744294
2.957743106057973
2.7839935103930538
-5.66746331240325
-5.995135217622735
2.677511932409434
2.5337689836335953
2.785975412127483
2.704057603510286
3.120559880494639
2.9927784219804963
2.565328780411803
2.5270098454688936
3.018892253369348
3.4479952743300677
3.047179576946518
-5.92362728774658
-6.763959359437326
-6.316430003480028
3.4251431510699097
-6.027608854942318
3.0684230831094625
3.3185521062298102
-5.825528660780304
2.710264699315058
-5.83301609896209
-5.511571300917592
-6.0866590890614525
2.612816483032346
2.9302311180783924
-4.396251441896797
-3.9468470624125356
-6.9315539453825386
-6.32326955267806
3.959908023696105
2.9449250159012026
-6.7784939380641696
-5.531159426178081
-5.65610486398698
2.5012299168893968
2.8041511150361016
-5.994850536394605
3.056692879605122
-4.993119836444863
-5.685670004295194
-5.7307852898261595
-5.597633118426564
3.531343090128061
-6.086390145471013
-5.10369365508205
-6.292887022870812
2.8704773934276187
3.745473898507372
-4.6591221353116365
-5.899251884289624
3.80230491777792
3.8072040182681173
3.5730331245922704
3.2302407248684535
2.7066886238059658
3.2840626799205754
2.952220615711626
3.0515592460606147
3.033139182917819
2.838527048597321
2.842032886768153
3.0044991657041678
2.9493335634209235
-5.681635621499281
3.1898483548826455
-5.864140390604971
3.2367048225053887
3.2134556182744873
-5.6799728921731205
3.1198714450041622
-5.519674343473516
-5.168792137482687
3.139307418045174
3.1100694219542975
2.73805792694239
-5.330885792699935
3.8580867730618227
3.6229988391030137
3.4811556741843734
3.215038960034315
2.9895121000569187
-5.555569478433385
-5.558749435465104
3.5794808972969125
3.4990749057504535
2.5291749681730495
-5.542565535974435
2.977766102337603
3.2276904168387563
2.538888313363845
3.1042491191149724
-5.398678045459721
3.297584830689578
-5.61265215534792
3.812779348565037
2.8607777181541287
3.1107880202630973
2.8339695193755237
-3.9393893486262668
-5.142404030773553
3.108848157267426
2.7443494059889835
3.9403676030105155
2.695304100412492
2.9564789961746225
2.843867800564877
3.6297307477724736
2.6416961304748634
2.6750237144735376
3.4831898873167395
3.409432924610779
2.5185831662620153
3.1013178916246664
-5.849167845864382
2.1780416342629554
-5.586019352499388
3.2347057013061944
2.784291301968837
-5.708038124463587
2.78364006160335
-5.9781932922877195
2.588228651624359
-5.596136657643486
2.832035136641779
2.932628228957265
-6.295458865480067
3.135137855148768
2.8695656668899314
4.235400912547817
3.0150111198872054
3.093795827067484
-5.709730855791164
4.483012323534477
-6.142059989258458
3.05211886059676
2.9578368756277813
-5.012973678421692
2.815863392152341
3.6656616259400954
3.488723514874567
4.071029202782458
-5.300704642699073
3.705413667192264
-5.573586381811523
3.09117041286898
3.40071716362766
2.8278954561893928
2.421860825763291
3.5614480816396386
3.211132209751338
3.653904851012137
2.8090662523336354
4.602567407779788
5.1322319669330865
3.6892551539407368
2.9177144368901695
3.021229213659791
2.8034837474164283
3.253384488507666
2.6875747442418216
3.3168805473819205
-5.584016271997267
-6.226050914918921
-5.488976245550218
4.453271441768489
-6.087130642903795
-6.634301651630369
-5.301045417576259
-5.044094878122412
2.4701226026160867
-5.519464244024455
4.043558005209944
2.528805023151798
-4.918909481666741
3.270220243915592
-5.477790398920155
2.375287391600886
3.7265692346751793
3.8360372059617998
2.9748998462037894
3.7747566506419252
-5.557622993912096
3.433040244177506
2.779000709942901
-5.4172137949851695
3.5680800180012
-5.384479609951116
3.4116552103251028
-5.417623164297536
-5.452238169959684
-6.042704007840811
-5.049314463269552
3.0202138242223926
-5.738405333309263
-6.480960321166732
-6.370267925969947
-6.063486451882015
3.0581446338179585
-5.6534855083090605
-5.639284959502409
2.2239855908309334
2.7823843237859496
3.1625912285511513
4.299656500870017
3.5361324145665565
2.839688835669362
4.619483658356779
2.44301283276123
3.1109983169593862
2.879591320937016
4.093764948096374
3.70099208693886
4.698568005687432
3.5735481045096575
4.393986779570555
2.992743520391551
4.411990332601806
5.382049984835756
4.2518505412255685
3.946002861052766
4.497431497235087
4.215691337941283
5.068441332242484
4.881154873820138
4.948817965616019
4.499627958255233
4.556657909527171
5.4728580223401515
4.468376209988604
5.074198588056194
5.236192809060939
5.273467186373216
5.151845107473059
4.7824193659941345
4.759783916307696
5.422477813938561
5.135309830183486
5.183945515072772
4.222624173342454
5.889673476236349
4.540369277144609
5.412230066765437
4.84371786695857
5.3652697332934025
6.053891801804345
5.013052808576103
5.8943645409210275
6.117367388680624
6.287059407433636
5.21045686039989
5.695902742603415
5.224546308654952
6.24262434747484
4.985257908346925
6.085941174951604
5.277305211915286
6.601800103197535
5.4526397374294975
4.802808002587599
6.5412908188722945
-0.9926715787556184
-1.0751690908798972
-0.15794584597786515
-0.2937144773526837
-5.049428024741816
-5.444816969284721
-1.2980937330792977
-0.6182894960102803
-0.24625601976557854
-0.615961698601806
0.12120302433563357
0.23364555325785957
-0.7894813017415202
-0.21362265747621317
-0.4375927310134282
-0.9335647516162853
-0.43573734428598554
-0.44416491462552665
-2.3014597119204883
-0.8680711561060759
-0.8069259710635368
-0.6355006215365764
-0.4046846938754416
-0.5770676793056727
-0.45132196003925806
-0.9811185323414047
-0.6731828167500264
0.5365200152115304
-0.784256058377164
0.21761494892772826
-1.051422833679195
-0.9932231688357871
0.058253621561907165
-1.585585823585511
-0.1337216244695265
-0.17488633490008676
-0.6540944603626613
-0.2120648517177538
-0.2530716731517072
-0.19271140532705533
-0.025895285466107892
-0.02877129039341947
0.28390880645388056
-0.3194064618825969
-0.02440874996455325
-0.07494229102185535
-0.01816868864240978
-0.25186141497488423
-0.39858195971600385
0.1517083636070498
-1.0136339673440011
-0.6824887177336048
-0.4492848011935322
-0.5015741690881053
-5.213551624336585
-5.680451910585831
-5.8369631209975035
-5.191440817457929
-1.1505551370947122
-0.08215391173254283
-0.01333369739803647
0.18130605673621814
-0.5258522847472198
-0.5898104104979723
-0.6779083151208163
-0.74426735208225
-1.0038697376778913
-0.5663968524281815
-0.6817735542204733
-0.781900460214305
0.1045700455802808
-0.28466071045164965
-0.08193424016372985
1.3979841111683757
-0.322033870908297
-1.0794149950032232
-0.2907471152046352
-0.8964159847049131
-0.537558587093883
-2.7389958057436674
-0.04962770249414006
-0.4778846232446299
-1.1623525353663495
-0.5829314530108329
-0.4346988540268184
-0.1830326544364631
-0.9843172781443239
-1.0329896632059887
-0.09686435394582382
-0.27621179612059477
-0.03776642359939186
-0.002449070601764969
0.05780529962806483
0.04463300769703189
-0.1944502795018418
0.4413071482872908
-0.3419054967602102
-0.29690196031968563
-0.3351368115200617
0.11699658768653923
-0.5747441322738547
-0.03753145319177345
-0.3693289309962292
0.302790704665604
-5.708349634054051
-3.974005848681135
-5.2603745622099884
0.10779018884325631
-0.6754041967670279
0.4267812897117996
-5.415637375093601
-1.9155059041613371
-0.012780115840656636
0.06558696234798622
-0.5323515907671291
-1.4725578128884111
0.09733966365730562
-0.7093465525534983
-1.6256771762614382
-0.463035539755997
-0.29760168229199285
-0.17148922975559006
0.4818099427774035
-0.9023369580278595
-0.41586596395320385
-0.20665345683193137
-0.1489089272027525
-0.18664650241691821
-0.6002460537712886
-0.0635363902035474
0.19536124915485797
-0.7261548296922331
-0.45396878971709587
0.05316913341343542
-0.32315048041472927
-0.36565919865059693
-0.30058857670160444
0.14985908120865069
0.0930311062292443
-0.59494130665028
-0.092443905874866
-0.17782658965989173
-0.4241795526494433
-0.6543123858265969
-0.4562619661618166
0.794954348236862
-0.020903567707233645
0.07870766923339569
-0.27333990080520953
-0.057905398744536374
-0.4360552584270987
-0.1925056237472274
-0.24320697471269148
-0.6078907045389157
-4.081938895552183
-5.6026218093843
-6.042566192067441
0.12354671631507896
-0.24388780552385586
0.05376014746303437
0.280330691767008
2.3046873190864012
0.2365286410718026
-0.11100027056838752
-0.6745414491218757
-0.7699231491168983
-1.1064948897957612
0.08662603613527081
-0.32437995327753494
-0.7105970925940122
-1.260426595520824
-1.282772384592653
-0.04232400124867769
0.07413888305977404
-0.15317629442311265
-0.215914953367416
-1.08943673385559
-0.06278201546045356
-0.7641942561035948
-0.4878306870652389
-1.2427922853148863
-0.8783669416098532
-0.9539592400279155
-0.9576711106266222
0.278418954072993
-1.7816140042367838
-0.32664861121810795
0.33315271035769034
-0.19752131113433447
0.025858371555821824
-0.24610926283536716
0.27866435314880555
0.4500214368542915
-0.21231434404206406
0.22493909977607296
0.1905704973111816
-0.3064115993615446
-0.44128835156593227
0.30764374280579054
0.9356439236065788
-0.7665562984883
-0.4257934643822153
-0.5607812770011149
0.17018469029753894
0.6763733260050668
0.236173135380714
-5.528693276633741
2.28460137160576
-0.0959988092031554
0.3836473725635464
0.044779966728611925
-0.3227561696347354
-0.22391882995481427
2.157841622236436
-0.848328147151119
-0.41855200223309985
0.36991745049711844
-0.30877426034145206
-0.08822721783673992
-0.6390867203438018
-0.20482880428219175
-0.479445434662614
-0.1370791030392945
0.04358429675175568
-2.96376284239376
-0.13084557373898392
-0.07503258604924903
0.22577671941697663
-1.6132388142765122
-0.9037372360379043
-0.7475215792856391
-0.712454161364566
0.26004781910450403
-0.43858680306377495
0.23168110068210113
-0.049304436181694444
-0.17929624151793216
-0.38687198941207757
-0.354653843816106
-0.9996439749587334
-1.773326803197203
-1.5901413317796573
-1.4222901111138404
-1.3937793307775246
-0.7813143345530009
-1.1895726717737192
-1.4486679891948622
-3.7184840878363294
-2.741316039833925
-1.2845764169257905
0.29645423315452235
-0.2701244124581297
-0.40382475194182765
-0.3137462755100264
-1.4251210443414062
-0.507269211260347
-5.756556914373093
-2.9511665816244745
-0.13106420559768728
-0.49237510921922567
0.03738025297280173
-0.015726252332827206
-0.07436537207337024
-0.02644734949462646
-0.682375815859591
-5.553758375129852
0.9466764162843623
-1.0154506833904315
-0.24563199329344643
-0.3882542036194917
0.19367113627154753
0.0075573073880119135
1.009504277633922
-0.05624752007115619
-0.03215683118357726
0.13642731081656834
-0.12637091585775556
-0.4909116973098512
0.0025100823122932714
-0.02818200728869491
0.028939668313042538
-0.44419381403955915
-0.12776940195286524
-0.2502611531643796
-0.6185623219208016
-1.0036036592562798
-0.365510992097278
-0.22152275593241827
0.15766467296596826
0.029602015388698777
-2.0860612449640676
-2.14798605605164
-2.8421661278069754
-4.523718046428598
-2.4098374459996403
-2.0294965184929925
-4.436748974487831
-2.6998342749861655
-5.568798938198193
0.017352440500116306
0.18997443672682413
-0.0452237023356285
-1.9574027388499722
0.03256420289268447
-0.35577728275743636
-0.050751750188821554
0.19849418648036696
-5.439199708417937
-0.18669506080921583
0.1804743610311928
-0.03650334313711057
-0.13808079563480707
0.010113742466675513
-0.3915781015772466
-0.3208910490593525
-0.24604841453775006
-0.1583741426841555
-0.25633367300854853
0.07420894515136767
-0.9167726749946794
0.0756677344812442
-0.13946621442439505
-0.17650621594597515
-0.10144633967109129
0.12499504748718172
-0.12989081491115828
-1.3295642012731475
-0.6345938074831413
-0.5954766642062738
-0.18093361849474687
-0.13113877345832137
-0.49044183511198747
-0.7264115853558384
0.12384419760908844
-0.8471367236676317
0.2477099804124962
1.4679194967901896
-2.430253028451931
-0.08712873230386686
-0.267014441688748
-2.2813668842080324
-2.754520424309577
-1.7505687105786285
-2.3490870469471306
-2.1359830926408474
-2.583503637783438
-5.444681558947407
2.883316965267282
2.3441662941728882
0.3395638300504704
-0.48538527913122587
-0.04711103083849574
0.2093579055656657
-0.3175716762112603
-0.012642880040948046
-0.2706339010032999
-1.0698697890763411
-1.69786591160655
0.09663524304587655
0.3954765110278038
0.28575619327763535
-0.18338587973285658
-0.2385445092886206
-0.21080333851772426
0.5597205491802665
0.0008177511670597326
0.029717100745682262
0.17080545132857805
-5.36957317587659
-0.3030637382689193
-0.2467568073577111
-0.036639339479625915
-0.17676898175626654
-0.8008561805092632
-0.1244953188817004
-0.8629747627601236
0.051547773480435266
-0.07690657008245433
-0.15643671747279764
-0.3782152716448348
-2.1230663851275997
-0.05702301936917287
0.172048014613657
0.2815467845117331
-0.11919722823843143
0.41340757061863354
0.32341407697437485
-0.13172308702295132
-0.2869959784052978
-0.8227769289044496
-1.3931516309165695
-4.003813311678367
-2.344769424251389
-1.8046357092247536
-5.392547687916637
-0.36090187255465633
2.5551068967324664
0.09759442297212095
0.15175771433239227
-0.17337723790018256
-0.37325635225298703
-0.30890923627767675
-0.17968394877922778
0.009586159285647905
-0.04664926488342297
-0.3728501572354087
0.2320153147323042
-0.03963429126360163
-6.346498560154149
-0.2061295253673754
-0.24506856065615423
0.3275050742867882
-0.3067334811113628
0.45940200059419856
-0.9330481822883454
-0.18637143830990888
0.1894335590675773
0.33804299748752764
0.026083012095578922
-5.914602738048985
0.07901013210050195
-2.959819449205261
0.00012482209866637728
0.22413641953834798
-0.3709527108817927
0.7168047727623628
-0.0672297686390951
-0.30241540257632926
0.2604854598049543
-0.010878832784655207
0.02555691716117081
0.04706357780828463
-0.14560394011447597
-0.21999374683903877
-0.6401756603552486
0.05662054540818662
-0.15589185347467627
-0.18404766406988604
0.01643402920843337
0.036678244801923846
-1.6249005859827148
-2.886135695368158
0.17340623536562005
0.08682156256963092
-0.008840966245750592
-0.2815458572833162
-0.6182427957338069
0.18818623162861958
-0.011305655359201139
0.21226948678684474
-0.3359912203848452
-1.1351108838875612
-0.3187374895506708
-0.19340679164000724
-0.08892804863553008
-0.4488832952876497
0.015161474955859844
0.11761469731820527
-1.1770073287375442
-0.28267101804744943
0.043068707373568216
-0.0032853782276997534
0.20400159635089754
-0.6157358081995782
2.496498702387365
0.0543999514209296
-0.0681621801117151
-0.18258793224437325
-0.25117870743040516
0.3335483219018649
1.7316867682884924
-0.3527865968231485
-0.325953816919901
-0.21277671017421157
0.2803016531734129
0.19215933847872702
-0.0815669608830886
0.17219059292946412
0.23057361890067973
-1.5337885578222668
0.26539156004581577
-0.43744362986431007
-0.3605333059993723
-0.03670414082840251
-0.1381690809726337
-0.3704123438857829
-0.2184168591902803
-0.036915956020502017
0.09184915602129534
-2.91129608052647
0.07745284623694881
-0.06108410516227486
-0.04948601990531981
-0.3024955888623686
0.15471680388332837
-0.18243506245030217
-0.23554236757983282
0.5290696522401939
0.09720749860341316
0.40052174904404203
-0.15865688856534765
-0.15655378401279357
0.28981736737711783
0.29570054266660617
0.2856625718825201
-0.2008715264025162
0.1667585445360918
-1.069011638344384
-1.572101694436842
-5.089767780130287
2.1636198682337113
0.20244430559483884
-0.30104678343828584
0.15265939114842697
0.11219987019721966
-0.34148911926361014
0.1401556735868722
-0.46897965970729927
-0.21765681719355112
0.13100398727001267
-0.06425427674774112
2.2384270322025452
-1.4481872773676976
-0.16627586601835653
-0.1398333586253407
-0.24660722066505913
-2.9790575738101532
-0.1801314478348337
0.8388819857703439
-2.9241130744540573
-3.047588432224191
-5.882975075492676
-5.619284339339394
-5.234417840116092
-1.4008121757635907
-0.265854182444495
-1.8444400384953072
-1.7181150585513996
-0.24917753429980577
1.055239077255811
-0.12319832026896976
0.2013213729817976
0.03945961078613641
0.18187039123445717
0.1501232692350571
0.09339408547609666
0.08222965618696859
-0.417269567990737
-0.01330738593538272
0.15323161177340183
-1.612087186474326
0.2504440840111397
0.035217313281217605
-0.15413684059026989
0.010433282532642085
-0.21492854553949892
-0.07456944378267322
-0.33347705926179544
-1.7076541163627483
-2.4664439012305426
2.0830622404965675
0.9124156262870827
-1.669173437317313
0.14685540961059318
-0.22128263035379792
-0.40061719285889386
0.2488854438886816
0.6463788946481451
0.5066364943735062
-0.20229699865552125
0.22163697981932926
-0.1623920982479219
0.2146320344950079
-0.2112295766883141
-0.157970396076612
-0.2177623316580497
0.044621810971089776
-0.060321674416751236
-0.5581000817460304
1.9907678091044658
0.3432432962500364
2.358626202183145
2.2449843714796964
2.508403752023966
0.7793302100516364
0.1408875187576852
-0.47554559970570565
0.16302243032911384
0.17667684279843804
-0.8993059616311523
-0.29594434208092335
-0.15705880017966867
0.16838656996331636
0.3188749698197742
-0.015012788264408577
0.990675178273815
0.5091664764247181
-0.19025816296093206
0.010894535800781757
0.08152333071376572
-1.166442840089904
-0.23708231457116286
0.19118355977385684
0.17714462420126145
-0.7254952189329757
-0.15133180834405668
-0.5704119535139404
-0.7918337723004962
-2.821194670906765
-1.6576237247114818
-1.2187343874053527
2.5442119317819376
-2.1045826594704984
-0.16205961296848703
-0.3429035537607035
-0.4012471204249246
-0.7463863168597035
0.5552231461719517
-0.041827812363548045
0.00022750241816521521
0.01575516238306457
0.18497653636489475
-0.054637430485138944
0.031449077546898296
0.05766781390592807
-0.03002163185805365
0.011384157195729327
0.24659567902477092
-0.33942212880864353
-0.22162389034822283
-0.48917403237286816
-0.1637206903497308
-0.017147867310730203
0.39389080970235346
0.44682291717860434
0.03493904516697627
-0.2426411117258876
-0.035044551474823604
-1.3884212506000562
-0.17014813983068033
-0.07869603812563641
-0.36241798737903197
-0.118387021261805
-0.24560334807925782
0.09229294538888125
-0.04054715783459356
1.4293669329707592
-0.11882437462894735
-0.1513419514729586
0.09694233184150708
-0.35125616187656994
0.101262496125472
-0.18141207873195636
0.2462983667413897
-0.03140925512192094
-0.006513034417074182
-0.46077124037869455
-1.3501229668919064
-1.2522815956885167
-2.1699719106571544
-2.3005754377883427
-5.597586339173307
-0.17744117698869166
0.0075917096193091615
-0.1889989300592848
-0.053495407989634425
0.5407407139323841
0.618542236615116
0.28795552932401025
0.04277422184326807
0.3725263194436837
0.821117342099993
0.34834854201773213
-0.29567956682294905
0.3191044420368394
0.18300037143170006
0.0629669069858827
0.2189125482142994
0.04158184188339187
0.3660334218881872
0.8896067746322818
0.20037633623140383
-0.29089455819147503
-0.10479634340120547
-0.07131789351739637
-0.31504628361088693
-0.5623193833327532
-0.24183232029106128
0.5956771837050825
0.6051745087579938
0.1414350874435541
-0.06990248842107574
0.057196732977948084
0.36866815908169626
0.023545988632048376
0.24227020928272433
-0.17177637747189123
0.024781286112639328
1.1376021902622704
0.05574954751365957
-1.0603301078672824
-0.9582621639748201
-1.3378114181824676
-2.187645407370977
-0.8089821535663799
-1.389198768721533
-1.648676591004455
-1.9240388022258215
-2.3721880365596757
-1.5269597990029715
-1.95647882965671
-2.528596123861817
-5.881580123306137
4.324519036395301
-0.0005497100160185286
-0.04995975555735371
-0.31386251919274333
-0.6854039390384087
-0.3315238978505406
0.6920740043315146
-0.12091381536590873
-0.05605495048637804
2.20869914787417
0.11510525098969016
0.003992591588137057
0.3306200702695935
0.32855694880991315
-0.17681144226358742
-0.06150485619446047
0.28231446672504845
0.8348177781560262
0.7551381280806806
-0.432209872333001
0.15289015546216922
0.6089285575140633
0.9027846025727051
0.4396960164345949
0.03801823383298286
-0.915011750403351
0.45269908068646453
-1.8592863271500184
0.18534251882074004
1.0571175715877876
-0.19391737605361936
0.4307433796320985
0.6523415234182419
-2.336585427484689
-0.17127465731983116
0.5386561259611832
2.6457987326099905
-1.7031260557983388
-1.0022420613527447
-1.1106586356285277
-1.9159027010245147
-3.166570452414442
-1.3908211869429945
-2.057546882880989
-1.8623583727489021
-1.5452765605449137
-2.1670395186821674
-3.0524546271544892
-2.7150923139770358
-5.342862706690213
-5.873069164483901
0.0007559654932201565
0.620348878623608
-5.4365331701298345
2.235099472296543
0.2117892903008669
0.05453293690371597
0.5305148465287808
0.45564014005263903
0.6071974573482275
0.13193888637413276
0.6767817831327461
-0.013865219943448415
0.13270464282434347
-1.5203627974331655
0.48765316287546767
0.36767781736941585
0.4338158513005466
-0.15435377858373234
0.4217149356814025
0.7317722123691256
-0.292719883661683
0.3406324033425494
0.5166786331911473
0.6797839425447982
1.04728266064907
0.7408980612881165
0.2787017612555608
0.19483596185644614
0.48264722773877267
-0.18438179339193295
0.7134074631633607
0.2923897462982063
0.4148733503637958
-0.2639062849863669
2.0949214893465635
0.021362048151067042
-4.574597972197115
-4.133882087943622
-2.943259195408741
-3.98999487960005
-2.9600204430405084
-2.3710438135719603
-2.4865138536416422
-2.208580956096566
-3.728348686310884
-1.9659191251730552
-2.6582166149744646
-3.4777452154409056
-3.7780086350052198
-5.782161410060435
-5.410239059976671
-5.051144199170769
-0.19743202115177605
0.12223239007825293
0.0012438054300135115
0.5460757606715388
0.6288591193356822
-0.33470111755303744
0.487390886340207
0.6980564625260519
0.5085878220627886
-0.18898745240536252
0.23260240170962274
-0.3006474428073651
2.0070143296329395
0.7815150024922916
0.7036210059798723
0.15355969558373228
0.4814232162619956
-1.0181047057767951
0.02539336984338003
1.1869568100820866
-0.7688913595774941
1.3925071690220625
1.1502826143692142
-0.8483718080888101
0.5818717198733376
0.5783454129350074
-0.03397102085831083
-0.11243313557295931
0.42663138339005396
1.0815532610776186
2.482634129884155
-0.19805742039678975
-0.07109792284004984
-0.34052070131613954
-5.6536914224178645
-5.833147225010318
-6.2387649369690505
-5.759550287384208
-5.760751532405614
-5.4375035337214275
-3.4166613603190283
-2.915300379449029
-2.148182693268967
-2.231755183930245
-2.8160579143676383
-2.5952861913976646
-3.313369555305722
-3.439786833063068
-5.481132856588235
-0.29463803395938437
-0.023283723814101265
0.5168105769567116
0.6310743568561226
-0.29850246470998
0.18500776591400442
-0.5217837988174283
0.9868799437700474
1.1417352541375254
0.6347584816551064
0.5942742238933119
0.3070671554867759
0.06372102782370098
0.5647429943938123
0.08306583163939618
0.8400253699774045
0.6491532170864671
0.7886335626611393
0.7984701124874756
0.4446858819077024
1.345802593604014
0.7220839790135183
0.9802747706793232
0.7431770521640657
0.5859357342135715
0.36905453401391847
0.766386511233057
0.5297525029180472
0.45914783043719654
2.0131953493407795
0.7937555447857282
-5.54270279626629
0.25038609979113646
-1.0588876511615193
-0.07836351783634538
-5.341916768679032
-5.544849649029718
-5.102530224241952
-5.525197706148526
-5.706390643393226
-5.31013464073287
-4.037876361323686
-3.9861360761288047
-2.3369176713612028
-1.9199530240334501
-2.474739542250343
-2.607756857025998
-2.649229613869914
-5.034043135803584
-2.1472207006977166
-0.4454169200966087
1.6056597826320165
1.9392193260870616
-0.26526336190561317
0.8401578246482458
0.14896464655341157
-1.5019469821539182
1.17226341446465
0.9824492616144029
0.5379342735530361
0.18697806916983262
0.39279625585276745
0.8516475088958373
2.7667779539018875
1.0871421277553819
0.7368957200507269
0.7089448780463736
0.8043432797850137
-1.760874478926413
1.7979983063967209
0.9944627712994243
-0.14846296914657164
0.8273470210068984
1.0725965807686755
0.16955728755426025
0.921285151500892
1.300026411752136
0.8980898943365668
0.7349761264673276
0.45884853299475764
-5.515551419126475
-0.6112198541782907
-0.11445419129049683
-0.09494445505172511
0.11469882030763529
-5.555541300326282
-5.640427171900405
-5.2090358269370505
-5.639591232262942
-5.933769571267548
-6.455671014275474
-5.629720079643769
-5.623241287456497
-3.0595431980223777
-1.667306798187876
-1.9722725984188745
-1.9411548225927813
-1.549254137914271
-2.20460820601184
-0.451872422707431
0.1250311187855464
0.7128614823671342
0.7895632013915679
0.6897702118432889
1.2878366517232716
0.8186391648508915
-0.45605539443017984
0.856468318604921
0.5063649712716685
0.8989439967577906
0.7172733048162359
1.105118143881409
0.7565669404905971
-0.1654766946287627
0.820890990167528
0.7841627532853945
0.9486799953371191
0.805031277655613
0.9698077721271965
1.6013790593092607
0.8302949482416758
0.6429704486298202
1.261232399132898
0.9463795848957524
0.7367181353538403
0.40176455023351465
0.5569262610386905
0.7746036486352674
0.8196630462165119
0.7558718022609187
1.0693885520660913
-0.38625637579817007
0.024567710696566936
-0.42386414557281404
-0.3116992884077532
-5.696968823269046
-5.575220713343392
-5.855009585314806
-5.9915459477598345
-5.70880581325272
-5.245510938499831
-5.184087051802998
-5.433750988196473
-2.5429109808862034
-1.7197060016929153
-1.9734131409176057
-2.111510917263076
-1.4171686002111532
-5.734406079103063
0.7860625782448065
1.8487822786539063
1.190785727600648
0.8739180095987785
0.8778774550848707
-5.158212364269594
-0.4264911914851761
-3.8198989593057586
0.515033253972929
0.7816996353996571
0.8170781999261273
0.6368627571095072
0.600894129490085
1.1653077892402544
0.7396389337267892
0.9163376539566142
0.9696967074678151
-0.017357094611297363
1.4466568397491988
1.014677857126256
-0.20113948809504
1.1128076722054503
-0.48446794144208893
-5.533275745427212
-5.740134126020394
1.0723267572753379
1.950581918557843
0.6983828302838766
4.467103862081344
0.7835875607806531
1.0674137453413337
0.7333673342688041
-5.601205490651717
-0.2685741125916079
-0.2844138896477354
-0.004796410373032967
-5.48986594698796
-5.206831912226919
-6.869440696641694
-5.722898630349635
-5.177689069481575
-5.734349015245369
-5.192337478225569
-5.4041397425010045
-4.25821306551932
-2.764060714406268
-1.7839654167727417
-1.6312099102858215
-2.8994301841169854
2.674359790777584
0.7755048562506246
0.9240040854568348
0.7504880787326478
-0.443063220864373
2.404605017572388
-0.4084122490734381
2.3602954734016075
-5.5492179659901515
-5.241296695550806
2.3041383921336616
0.5733597062555706
0.8131530617891962
0.6574605034846842
0.48619792719583993
1.0862311292090436
0.9067727964715642
0.9014398306730798
1.3116607580309867
0.46232603822711593
1.7228886878894285
1.0503729202426573
-5.180072019772031
2.466714442896583
2.5223481212177488
-3.694260211540307
1.142532893604205
0.986155897694978
0.12800079916042795
1.9901631984517272
0.7928894575465685
0.7525448751334152
1.303590461042394
0.4645714085319518
-0.17580161144253692
-1.2488109275409518
-0.5786158961062251
-6.427015150429799
-5.8878569746509095
-5.01277699472378
-6.010387582600471
-4.730268175762705
-5.767841617779874
-5.478201757878571
-5.623975277129895
-4.012704450212003
-1.8295578497805345
-0.7244050007855711
-1.0477634436793892
-1.0025718712893854
0.5541056631227814
2.408352637648557
0.7320283887430534
1.272902556371883
0.07577492776484451
2.285283176807294
-3.5195681127236904
-5.066823482272942
-5.582558610779306
-5.409565405469141
2.443640005875589
0.7856738663165186
2.2813093482515914
1.1377080403513182
0.7639973006438336
0.13683146130175827
0.9561918703491723
-0.3273171352513231
1.394751181263331
1.2222805132218617
1.5478395887586525
1.4697586789031378
-5.587776935371925
-4.346445070322149
-4.8047469917899255
-5.253903353882053
1.961278997311606
1.3616397607103792
0.9587625380336269
1.1870682950668958
1.2450957788776693
0.8976484252494408
0.4287182947335919
2.7233672100844855
-2.646168692875203
-1.2659830420011333
-1.1532520699967093
-5.403275967662897
-4.989686755967443
-5.26772090038865
-5.359845859487787
-5.739271990597058
-5.5072047864750795
-5.640127739242331
-3.890322377250584
-6.036476646545847
-2.575666224027164
-1.5111304147663125
-0.7266126104626054
-5.7189897533077225
1.1023046191206962
1.0053596159959062
1.7580499035270263
0.9342890078956351
1.2481775069804968
1.0934941270337983
-5.203801095394309
-5.342782126195606
-2.981266729317391
0.1583320981574906
0.8343926258335606
1.8231672197436237
1.3079537714015992
0.8632062717224216
1.0594172093226484
1.7022318661777134
0.8540481635181885
1.110102679246901
1.303587749922351
1.7230659783558397
2.0924691635069665
0.8952955884501568
2.151924085302004
-4.792208968478821
-3.657824868379059
-6.640655412726002
2.3054355278506717
1.018795553421999
1.4652976319480273
0.7997675671221043
1.2249891136448503
0.6519116574607852
0.21853603287285428
2.077005095274825
-6.176715553394892
-2.1198350801908212
-1.1455535823593006
-5.396677019176449
-5.2881692854866715
-5.583370625362488
-5.626910120049874
-5.603786245279897
-5.898430546803586
-5.451509409368451
-3.2049995637567212
-4.3231240525966514
-1.3485646205855504
-0.8689865087644708
-1.8067417534532646
2.379310137610968
0.9372984132802455
0.6491536495436167
0.004233425617673925
1.311437378340827
1.5233518042198957
0.9205787722963308
1.6280637126932662
-0.8440192675982516
-0.3516947337200962
2.4842637655373014
0.9049513642156223
1.2361216289604526
0.8936612536398711
1.0304877948833295
2.0523485229702514
0.8230085799886929
0.9860588163461053
1.101947050368897
1.4618018470998468
1.5449386348571112
2.04732785187156
1.1293207486664103
-0.16125974096056606
1.6812656890624613
-0.17629589985156124
1.3254892308999586
0.38763497470877195
1.4686813450230887
1.2770739815297543
1.3752973422731827
1.1142327794901696
1.2981730639632147
1.3712188750225562
1.623656697666279
2.256885736497641
-1.2338028359052315
-2.144903172464991
-5.603770727766772
-5.086881277857934
-6.378802318141524
-5.361962187702704
-5.087626999284249
-5.573652227093358
-4.968206786710167
-4.060619725254158
-2.3754251822453716
-1.9144311742087232
-1.780384257635297
-1.109342313647043
-0.12030860986747549
0.2482163597837802
1.53412745177373
1.3567292050672302
1.9910461247488924
1.4645225974561882
1.2185989273856903
1.9503844759301812
1.49056597726573
1.3627171446915687
1.8088258181364194
1.4494116216567994
1.4432749639270377
1.1342820274507863
-4.230601484924681
-6.209942731472581
-5.738667119237045
0.021977397636529172
1.8638645025344602
1.6340715359080435
1.2593698003254645
2.0312926402753453
1.5151944243382582
1.6023338816179544
1.2117097532869947
1.1897424999144146
1.3949420618120436
1.8536147924220552
1.1146741780081904
1.8006173204719513
1.5412287506186335
2.1089410869159178
1.4227245974385454
1.88137717333586
1.0545012834303682
1.6567253774599857
-1.3669390919950268
-1.7469475747802166
-5.38987211298896
-6.341205826627951
-5.666437552954464
-5.602298862807429
-5.599892431417861
-5.758470926372241
-5.687606461131646
-5.613289375222376
-4.010048504667436
-1.936537292719761
-1.9165195597591402
-1.0612702317424931
0.22304976765313816
2.086157348544118
-0.03217114769339652
-0.05940199738928059
-0.47505789859565206
2.007789301483534
1.7974225613319943
1.3532711773675714
1.414713663997878
0.9806939324366895
1.3204258940461049
1.1987536866139703
1.6170907753341448
1.3047785128196452
1.64975263554471
1.4989180239435917
2.228193656358247
2.6106670941376597
3.0112637014111776
1.661546789358922
2.0296780848205267
1.8660667373759472
1.6523923097004476
1.5504297023646234
1.9197984032919104
1.916011725751185
1.6816384289506316
2.0625374028411283
1.4486836433944135
0.9809187333972956
-0.40663041716828285
0.7670257351223434
1.5643729143743066
1.9196137709432848
2.1035803553755335
1.6257601524705152
-5.200211433775891
-0.8809619658861454
-5.502222212724173
-5.086196337981233
-5.2368194810293796
-5.535477356774819
-5.304249929318461
-6.069745197069808
-5.0489043255728
-2.5965070844785423
-1.218053991544514
-0.13641578862373493
-1.2418698094146206
-5.93335718367808
2.3175658034429762
0.08845074306022926
-0.30085649091431654
-0.16029224673315057
0.4375510667292804
-0.15550430255141645
1.6383141689143221
4.831989507226485
1.2799499085205077
1.7760597873214001
1.8697319963708792
1.5856282036609053
1.398849695955066
1.6845179019072016
1.4145361417569047
1.970014467806153
1.420609767605302
1.7807394348730297
1.7138755205844252
1.4904606835740595
2.0206950849968286
1.9559207759231498
1.8142279675090662
1.7683012337796185
2.0937820650257235
2.470208188920483
1.7431066374421564
-0.2506032563586545
-0.8220499178994858
0.43871829345662716
-0.2218209941947319
-0.4738133595248286
-0.3836392514313194
1.9108449859914247
1.3389910124664917
2.3607628909427705
-2.6052725561135484
-1.6820168589066935
-3.222404021766275
-2.949112990445002
-3.7599580541365984
-3.282131716390478
-2.3199293323848496
-2.2092184791024234
-1.9736116401380042
-1.4533377296014016
-0.8389494504532258
-0.928148935226704
-1.6001197286766449
-5.800320480473029
-0.15606837920543581
0.13418885067650688
0.25549421196459554
-0.6478192649293542
0.06343873823437446
0.051333683629244065
1.1063663098521392
1.4820695045910186
1.5063629401661782
1.4841266437917107
1.1396773581940627
1.5472186381114539
2.442835092967538
3.0852521749019033
1.450834441651535
0.9312086893932459
2.1978903572677906
2.1681715030001616
0.5738644303645974
1.937402490079599
2.879079242884268
1.9769060503623368
2.944175474071691
2.2818988189813583
1.5386347059822565
2.2155869432352864
1.843315988200217
-0.8233801704459313
0.4502175068009694
-0.6539896061206091
-0.24456183803560205
0.5046128809217967
-0.012070068833364145
0.05702957438248746
1.9880319391910914
1.725125070533205
1.6145492116427607
-0.928083076351822
-0.9431198682732593
-1.7239632417612205
-4.084879143120932
-2.1133667657364787
-2.5064902171310193
-1.437568497729351
-1.0993775116011848
-0.3162079623909875
-1.2583296075753467
-0.6339608709206703
-0.6144658755806238
0.03819133516082235
-0.25314977048499415
-0.12352817759794676
-0.03074427153778836
0.19931356850149062
-0.1246317987618335
0.1140656897234748
2.0568389478267974
2.0098977809173344
2.3724713020498935
2.0480642037497097
1.477541851271316
1.918539148158867
1.7002561073698776
1.299132841508434
1.5979132829760827
-4.5052710722365905
-3.9033101728459965
-6.074727631940854
-5.398738405330929
0.39553712431205235
1.4057461988910909
1.3178581970122796
2.1144379802772306
1.6167246695032025
2.2060812756007797
1.6193338997202966
2.1210535548175065
-0.4598415466706687
0.14401662314497
-0.22245493900103475
-0.1818805482021667
0.07516599021743495
-0.8893659101458746
1.8212744477684404
4.526176578516333
2.0115603165336853
2.0762244346005962
-0.5407748580265983
-0.9663954121491656
-0.1450712273976117
-0.8282396362786956
-0.2257346853921426
-2.1102945332800367
-0.8486363532363266
-0.2767368508459145
-0.00012091730075636242
-0.11624496074500656
-0.09110097711742315
0.0009033787266667093
0.0022880632095814146
-0.26219303444196573
-0.39683378579895323
0.1273381964182501
-0.05375337737657063
-0.2904903140008527
-0.054373568940529804
1.8064340850148082
2.151494114450064
2.2440306009086983
1.988247412686064
0.9748024422412671
1.5489277020447567
0.014948555295922206
2.331532820232556
-2.7256639302535417
-0.26127751230480567
0.18242075950977266
0.6708421785151171
-2.9813646763252946
-0.11640736290258336
1.6733666215335992
1.8198669669175584
2.091711286698981
2.049523988359377
0.618000196420096
2.2424686661066575
1.9352102360965544
0.5506508140691032
-0.2350352467554765
0.31049296295069895
-1.6523186133808452
-0.09070368805420292
-0.10977695673789578
2.4798946375442936
1.1493090567978432
1.673368421554039
1.8338837304955737
-5.2915402421359055
-0.137271232769679
-0.7116063771625601
-0.2903279219584215
0.020545844354352527
2.9155385989397518
0.316546020509833
-0.14737030817057156
0.03874750395172938
-0.7915016752093502
0.044393562402681996
0.39096190636332895
-5.531479318269703
-0.22572136324709158
1.657548179373279
-0.08381691669898528
0.16143159500516935
1.9593080300550672
1.7483245074854648
2.144931967824313
1.7396713047254118
2.0327200323916244
2.371421028037882
2.8888863534893643
2.0173494155309313
2.0524278092344947
-5.813838940426719
0.22531879020923873
0.18221003587036097
-0.06458740269723742
0.5233407513079263
-0.6934218700520249
-0.0709353431665023
1.158747766726592
1.6648316098430416
2.2071625471150362
1.2887320519978995
1.854622755849859
2.07713345559626
2.0545168740484394
1.8430816556488774
0.17007934222264454
0.06849169001385819
-0.20026837008668835
-0.043155196285306285
1.668447058639245
2.1093955936455737
2.339423446736105
2.038687678772223
2.0757472705947224
-0.1096869888027997
-1.5396624242422372
-0.2443731269527195
0.047016360625309866
0.0016944282226885599
-0.19860685759172303
-0.15785934404073987
0.23685013481602635
-0.19403800280035505
-1.2051294694925503
-0.48597514743477
0.00662198660995772
-0.37990129382849547
-0.26872013492027425
1.9382635218571218
1.0117347240172414
2.7047040308767976
2.2175643435131294
1.888131314536059
1.9592282281597322
1.8727815913998735
2.1593981666671227
2.481918563138861
1.9648667619808247
2.0673725434722856
0.8745133183589171
2.3975269722434778
-3.6825813234774385
-0.2983800962623363
-0.5811609472541407
-0.12754902036164806
1.8343415592147005
-0.7520213447892782
2.6881460709814853
2.003059134145941
2.4090487008936874
1.860796943487084
1.702487190461988
2.309226895713268
2.098935746506271
1.4818778181051961
2.869297348587051
1.5684777243877008
1.743279839058623
2.078094755297207
1.7969627170737004
1.6425155986466955
2.08431197554477
1.2189972123146238
1.8635574252069087
1.854595818575593
0.38861045794416466
-0.2904921889439625
-0.04890023292587187
0.12320086723419299
0.05980742308717489
0.1810144186286442
0.017574466099828934
-0.43823060958417104
-0.04344774406501142
0.0879980199302679
-0.1681295426329008
0.024738958533229383
0.15564087715323696
2.2433667009458924
1.7099128744413905
-0.4614399726296029
1.937801735100791
0.27241343729535145
2.099511313364122
2.1052341539668147
1.2805927798484253
1.4590542751499582
2.0583667601242777
2.17556387440178
1.9973320132212176
1.7047700895775597
-5.394016267631863
0.14613866794337604
1.1797241577674213
-0.03997716875071114
-0.046299981007675906
-0.8500004343971457
2.3343049173125188
2.8445039866006514
2.4489666774042487
1.836397720137275
2.089933169335203
2.470259124188516
2.142141060520859
1.7045890210906824
2.2435917055311068
1.7051217291463023
2.108900643685061
1.6591313808543506
2.1110562885486357
2.3963238266406384
2.1330379406941513
2.0508638286371066
0.3848761965437066
2.272653776895865
0.2364934229583429
-0.13181929445762486
-0.19863995550424035
0.10388840271014887
-0.6392000942381225
0.12497549775592776
-0.4091268720786637
-0.008843996049815728
-0.34940791385947634
0.25736788986352765
-0.0840254148399189
-0.1636061706507113
-5.749824035310291
2.080151529621298
0.8244886035960098
2.0369270255153444
1.4519749115291551
2.0445514446201853
1.6681725858155838
1.9915095296183767
1.5575780181246426
1.804585156372301
2.548174999817876
2.384563967042066
2.185722929509799
2.168883287962947
2.220515159800173
2.8770190175448107
-3.2880167455590774
-5.231198978048998
-3.151516380913322
-0.15238593084957763
2.1539857092675048
1.919972601809629
1.3712145817138655
2.251930034062047
2.0135775958604984
1.9951939086635906
1.927462757618265
1.8330074237823228
2.0885230789238056
1.9465249524863644
2.2686029466685182
2.0885132993504563
1.6417978335686143
1.8801379836806635
2.0466130009379775
1.5053492303199167
4.390270287219823
2.083196761864471
-0.4047920531080529
-0.38304672973294374
-0.07885581313675682
0.08033827303664942
0.19277350548993857
-0.23252808291244226
-0.05188594154670412
-0.1823621931766055
-0.11628891817813447
0.051453143854171685
0.11738796583333977
-0.04429725897111503
0.04907384116639221
2.593488050734135
1.2637692835054979
2.1058666412771796
2.0004330928666865
1.7605598679167047
2.1109553133327896
1.9932844248986237
2.3348019779947586
2.4727454708715992
3.444809230492411
2.0186067754553267
2.0713249343327984
1.5197239412013384
1.6075141794561074
2.3644980016362807
1.4057532954412169
1.4683412171562562
2.15633854332521
2.597547659708323
2.670874006566706
4.074208693981643
2.558502511546237
0.9902960799483792
1.7163484130406144
2.298371492961569
1.8711395917605087
2.1485808840239935
1.587581170582751
2.060470933988088
1.9827146877615174
1.993662612461477
2.5284797142571662
1.0631998248195953
2.1827860930176533
2.2082263427127495
2.0624705346822
2.1169409614101666
0.5257357524590058
0.09260115207019604
-0.2673747354060148
-1.241305150158336
-0.02611760487783188
0.19698168369127933
-0.3095750221805098
0.20476540982232067
-0.0018606636330436022
0.3659212567237121
0.10201313315349403
0.1506614360322301
0.5236042291176931
-5.693004444566776
1.9980859765672088
2.4560319224813503
2.3451975010870125
1.8279395387887727
1.7576747009263214
2.573672469308203
1.4538453018366473
1.773175130068507
2.2082791688473202
2.0947398063938154
1.8675598263486461
2.580056677614354
2.2110009934424015
2.3401194436285166
1.8626822435696913
1.9648717535809443
2.029049236410563
1.616506898411954
2.11159685796036
2.2533348732088188
2.6199728393532187
2.335248861667975
2.3012042032281066
2.253770578134948
1.7312783733324506
1.5157441342844724
2.125016091029959
1.8976801431507868
0.20760714879239073
1.972068119890111
1.9433332345435395
2.2989791275151132
2.0892380260298813
2.049875384292376
1.7736853097989551
2.0662739987791667
0.43743589581238906
-0.4333154092288518
-0.12309184924993788
-1.4360167620915423
-0.3520578017072127
0.1042697471979594
-0.049994375131205915
0.02069922420572201
-1.798814781531155
-0.07519278577911293
-0.08621559481017371
0.21683007630058065
-0.06653852905475532
0.335683040209229
0.053747113084122305
1.8576984000417351
2.2140886083280398
2.000825717434215
1.105072462160289
1.7263605563922766
2.614420706382191
2.2052053471066975
2.0222189104464516
2.160289557887131
0.4761721264193465
2.1612415227518804
2.0322558227213596
2.000269540429879
2.002592583548693
2.251707776933734
2.0995520736403015
2.4770671974019294
2.076076529617474
2.6707707702620356
2.186452333995711
2.2172890079850136
0.9415935604498613
2.1795659575955932
2.050383782398895
1.5146577649562898
2.1320275244571283
1.8195812943440997
2.2809531044405302
1.9156158834268766
1.1080561867459742
1.8230459601518094
1.9039185814646005
1.437541300846726
2.197876276748193
2.4499942924057887
-0.0196856192556166
-0.07595819546906732
0.3600347066030358
-0.5035263080021297
0.15571973896608834
-0.14264745071148743
0.03616019488825804
-0.13343173735181696
0.1806751210352388
-0.08460584472068297
0.01690981445127282
0.06622935848775248
-0.27367847183922145
-0.49394603247647884
-3.237233942776638
2.602502845621732
2.5575044997282017
1.8271511716147535
2.007624681151711
1.7647921008391179
1.9012642697665323
2.252439103553497
1.5740805225003802
1.9966919249428505
2.560923457834906
2.2415131557263663
2.1545313773224395
3.6797429579451357
1.9713641878659736
2.0100047709096662
3.4020668910901666
2.325115204419056
2.2752859296628847
2.691694829363054
1.46970454168905
2.1580628691245707
1.9864807312001613
2.1446017107756337
2.460891794795824
2.3100681981766513
2.1390647891199652
2.376224680964298
2.0845817601611865
1.3215633225813825
2.3649238062486617
2.5036549903326764
2.3129708030091782
2.3675084417875203
1.7396545469696905
1.8645218254590668
-1.2007630868997008
-0.8875618398936718
-0.011698770317357499
1.0279429660093355
-0.028063089689452703
-1.711037512257158
-0.10628622434909596
0.4582796265579694
-0.11182381986162249
-0.19026881197308654
0.31307644631823806
-0.5680118424079588
-0.8303290210505063
-0.7962190450726203
-0.016395082989361126
2.105502935185906
2.045846504581787
1.239154951403111
2.3272208733265316
2.612275387792108
2.2384482427343526
2.726760256115349
2.4238892434545534
2.3237657021413343
2.2708863863188835
2.353441487140385
2.352057135726975
1.940208468258113
1.712978519085472
0.24873773454062403
3.429802980693996
2.083359422012526
2.2902109602496656
2.667568388011082
2.561093599720902
1.8665956942500308
2.411430832870754
2.318003367955628
2.3075948205923655
1.7787400887509712
1.6290882961940742
1.7982508973918976
1.4171494203239772
2.023311588092466
2.663131615954917
2.5539562072266646
1.686126075674872
2.0974105908838547
1.9573644296034407
1.6040331121142841
-0.289550182403604
-0.8170885520942625
-1.3538044436637757
-0.3822584459718804
-1.1609881606805856
-3.846979113230776
-1.563732679095226
-1.0677432364958368
-0.3060351057682685
-0.8329950632656522
-0.5613290809428421
-1.724991028287829
-1.4611406400660218
-0.9941849869858537
-0.6369074346821288
2.475500889799469
1.9746763561186362
2.1917856700887555
1.646179672085681
2.207345211193555
1.6593257400033878
2.347348172420043
2.4934911068091203
1.9065527820595929
1.818398405437503
2.569898103815717
2.3330801392717246
0.6166911046818616
2.253371949055891
1.8981860714297807
2.042559118451247
2.2497420138865722
1.8732273182803667
2.246626301372566
2.4461534820256743
1.9409221791944418
2.5232974572871436
2.2888740536386933
2.2201835741807896
2.2564130038277295
2.356132978647831
2.1215034123113683
1.4796840301211407
2.444281365441216
2.4064196421802846
2.73564967239857
2.7033589383970904
2.1640208065176614
2.2197981943951657
2.410414357733252
