2.124633183068225
2.5488328351683402
1.9830745125152494
1.871323248352792
2.1569387084892138
2.082537354662456
2.941649589874605
2.4725471725637918
2.1493498004670495
2.0949022598748814
1.8163592740777057
1.8578035089928302
0.5957964928595878
3.1274879629599672
0.5124411033347145
1.740724443560679
2.487215675731365
1.3519031450992365
2.2080808234203126
0.4065707464197697
2.806778997581372
2.168140001235542
2.0644431317057186
2.9560422394534567
1.9808901679213555
2.507246721465459
1.6729018946418641
1.9867664600545227
2.1212761013775414
2.254082304004402
2.020039615998013
2.6637363014522846
0.6944757774129653
2.0654987563756273
0.8857659283537636
1.815447169227657
2.374901915862121
3.0227186011013933
2.5173755217104667
1.9425962623492294
2.41742917881576
2.7193609197421216
3.659719392417138
2.9537949714718303
2.6361502768336655
2.346529711173413
1.8831082471316236
1.7562228623808747
1.956272838483697
2.103695028188338
2.527153331984652
-3.6112940453120523
-1.7418528156514888
-1.6570574673535299
1.1958563493019683
-3.508681769215422
1.9085926074147945
1.953918979214818
-1.6926601216571888
2.2375070762856417
-3.656515306812504
-1.376118435721463
-1.7045594624767875
2.4874114449656846
2.875505337170851
-1.7914417595818226
-3.2495025693233983
-6.2892064114268385
-4.726182598887309
3.1786249790839913
1.8099445327595662
-5.199741753797203
-5.029683445752106
-5.491033069671064
2.849828223213828
2.029306302170729
-6.032507023904016
0.43480471746885657
-5.0630699844945335
-5.83148549691171
-5.447820176682793
-5.350538908163861
2.1755836711311343
-1.7595952131215842
-2.824049415569148
-5.4378898682992505
-6.391933072809205
2.69422078291303
-5.28261818044723
-5.07955662551825
2.8868155511142923
2.140421820469337
2.251258872698877
2.399321478899443
1.0373413497464792
1.5339068378428675
2.6293252576796813
1.740599046858133
2.9240349557145233
1.8387759654826459
2.105590377375813
-6.186109340493611
2.729197499828269
2.762242049994134
2.6059854930974145
-5.412022914714611
1.6084675949961225
2.572190787108425
-6.017278720545932
3.000400123036553
-5.502270703850459
2.209583638804911
2.728290310569289
-5.00696406252325
3.0155729410466874
-3.931867540942745
2.734855670980424
2.499499200290358
2.230579359772055
-6.361491442138402
1.7133385400563375
-6.067704073738778
3.2119490014979966
2.8078816501115083
-5.043073997100743
2.430440514590631
-4.502197825627976
2.4823602995404053
-5.219326329541392
2.6410487675575616
2.923611981467494
2.280974055316817
2.6721729337565145
-5.363326133982573
2.06844203356097
2.667231599729714
2.6314080989365976
4.949880962297353
-5.606845332584242
-5.404130521484049
2.099990837076075
1.5621470850721266
2.568223332466267
2.4914611339202097
2.0768651105262816
1.7713497675936123
1.509610201666499
2.7202976511615615
2.774690991268695
1.9993310536691156
2.290283456057691
-4.86814734581649
2.8074499283242718
2.4392813371702373
2.5137255381787336
-5.474672806910305
2.553546234660891
1.5125937418587365
-4.869235603850071
2.9939876817769044
-6.4103974651174065
1.2624904515611355
2.623496474854867
-5.063000777811607
3.0072429217630723
-5.345315154830967
3.0817337411218553
1.4642687028134511
3.343131978000064
-5.247872939728132
2.9909911871029915
-5.598260781519408
2.4829890611395173
2.6756615153808645
-5.59708166387241
1.564500471364125
-6.0329422851782715
2.796409205200434
-5.681248716469829
2.7369405785648255
2.929828166330828
1.842705926979713
0.8157146929920576
-4.838255496004546
2.8441264402994926
3.116190273054748
2.9631672666398106
2.6433347622134087
-5.256309827093243
-4.688237972247998
2.8167856234454045
2.5380354879382105
1.5901708112351283
3.0155096307764753
1.581949660069062
1.5575320246919973
0.9582495528766306
2.6149704302768004
1.762541791953414
3.157318956672686
3.394504432703756
-5.696417360200849
-6.219743675590827
-6.083413705600024
1.6176000436646147
-5.751594550878278
1.6193098726585808
2.882870041406962
-4.377051288043705
2.717596987310548
-5.165953684061447
-5.360505116794377
-5.861713714112718
2.8181808656078173
1.7166287454135705
-1.7799964242712876
-3.149835061339098
-6.274272797219774
-6.341200377176283
4.163505155179512
1.2570328512846656
-6.008558143908489
-5.197152385328138
-5.377543475607431
2.538715462768527
1.8328689351813672
-5.860206596809481
3.225568618713997
-5.235741663930734
-5.968080428271002
-5.349800666121691
-5.046343021863221
3.1109124256299094
-3.2317423529231184
-4.580336460495758
-4.862884497105635
3.1817851719664776
3.2785898746849935
-3.8572235616172246
-4.853316342223274
3.5970587165494927
3.9649173549952845
2.1799716397753777
1.51027373753709
3.1052358123771224
2.008208304243699
1.3625798978095127
3.4061034575207008
1.904839160930352
1.6380735040554046
1.0944763162100044
1.699061774889259
1.138407200756322
-5.080526569819839
1.5118845039026239
-5.851299784303533
3.2051447053216093
1.5912687075825156
-4.974698421835131
3.0740918977638994
-4.83939995586781
-5.114247905771482
3.440102978991469
2.026151290267333
2.771988882165073
-5.251367753171223
3.6238496320990277
3.338314837210842
3.1147186003897342
1.7340174471021732
3.104173517598389
-5.594429973127588
-5.41238267532492
3.2274639077490828
1.7236236392311908
2.753771037995203
-5.34787667627186
1.7832651549565428
1.808908652989193
2.672259437462838
3.3228741927053886
-5.460059435793439
1.294832460382319
-5.22826637797047
1.5068237052761022
2.6786461764916045
1.584145937716457
1.3298032421385184
-1.5227299067797884
-5.199598179715153
1.4474936412462354
2.7502599623562514
3.9666274090807407
2.689845482677994
3.341448460294157
1.1761243258397762
4.027066021275763
2.5891452030232527
2.8396434672268316
3.61160165292604
3.721983707976317
0.6921476206732726
3.116778372813838
-5.1548839816206975
0.8112548369632144
-5.512330065631185
1.2394457951754672
2.8846154714088326
-5.355603450805274
3.1398733986432683
-5.790965675815822
0.7209341721525939
-5.320837481833223
3.099694025262338
3.2719608994507436
-6.095001729112513
1.0124943615042874
2.9772773249293594
1.5952171897869092
0.6370770395730168
1.379130752152757
-5.683485125378507
4.0968985678787275
-5.872566141682126
1.5117567803593412
3.150904688688622
-5.075397295592706
2.9028746799957497
4.2117476359171
3.0717060351401493
3.598226960341159
-5.264460020271722
3.2768662144239245
-5.727101951406769
1.268271021179637
4.105513846592612
1.1081463357239214
0.37710074897651086
3.715698082968906
1.5173409713873744
1.1808484385747633
3.0737445032568744
4.0514367605801125
4.899214740676164
3.8637791885660167
1.4840497478356962
3.5166941899623927
0.4398530724715735
3.5965364870021994
3.0700013375422994
3.731663619737524
-5.014744019661767
-5.662132332242209
-5.264999170692195
4.113218661779726
-6.027045428717684
-6.245146367929887
-5.2078937409402535
-4.954120995073464
0.2688148065029044
-5.564824875087412
1.7744065427112656
2.817726596443992
-4.295042107262899
3.617926906095659
-5.257948355940985
0.809344626642541
1.533083806966002
3.578384328654805
3.3251105893980553
3.338027688315214
-5.408058711689619
3.9214717013160905
3.271068174193209
-5.253062485557466
3.6224511649425644
-5.402725206897187
4.057688554657369
-5.212738675505462
-5.654792851719656
-5.0529373032278135
-4.187742418889176
1.2214139488399185
-5.643980196025748
-6.146551885828481
-5.93027167549641
-5.8209485017665115
3.5691069861355826
-5.3967734351996635
-5.907211258154902
0.42889433689842066
3.1123775070955952
3.7849169030447407
3.6365130689750704
1.4288772094853204
3.1349433319307423
4.0498336841447
0.6916463448419727
3.7355412173617877
0.6273796837251147
3.6026305299949013
3.4799541183044362
4.002744661975273
3.7378296413060443
3.9192012251354282
3.2552694007950396
3.977834154399607
4.939055934783859
3.600256461409811
3.655180413043643
4.121216785122986
3.9231463266294195
4.5066492567109435
4.299022491184221
4.578094238610232
3.8671008734086034
4.2194173261297845
5.004943550019023
4.043220092321075
4.471891627757355
4.812112393993014
4.35250308868248
4.899205225467794
3.9265330430507746
3.9735626875485797
4.99702768196652
4.191553062358298
4.183957597982135
3.7998134532332717
4.9314115991057745
4.1801727799629935
4.5186024901756445
4.523562501368332
4.474458907033101
5.373590688860551
4.570865906540193
4.682805936888047
5.348019194819911
5.151721273949275
4.702947231910046
5.302389246945167
4.574355335459047
5.165668587329939
4.570273685683111
5.427150484544311
4.6137704988657084
5.665143885115888
4.633867361600959
4.287958257225333
5.6451825249843175
0.10087896790129208
-0.52193302140689
-0.22957647052649177
-0.3542331357983352
-2.857352092584726
-5.264656176580519
-1.3708930704943514
-0.4310595006651356
-0.6782847035160895
-0.7483334925596152
0.11052919726160865
0.32083687593546634
-1.1853487446562578
-0.08663480024555559
-0.8870941464717204
-0.9665331836370807
-0.3260322051936098
-0.206935018094749
-1.5545299049699073
-1.000623884122367
-0.4096905091949736
-0.6119663058558491
-0.5910939334942003
-0.5191992281441986
-0.9220991675693753
-0.8409583367079969
-0.43761200437470377
1.347530467875308
-0.18717332277735615
0.4680263033490682
-0.3636837073767715
-0.16168372219827692
0.3969694312037542
-1.4154817053892155
-0.21272699472851786
-0.028442643593717454
-0.9701869587894725
0.10426377596493822
-0.4812392328271901
-0.006716341670269715
-0.021771504691476512
0.08803951355133355
0.04668759229082692
-0.3800196680841262
0.11877406140312335
0.2439738577596552
0.09540072525989812
-0.1053095919390703
-0.06642207936243921
0.3945032490645166
-0.725368169285769
-0.4372743838011341
-0.21725721702422046
-0.8689259870658232
-5.298917022685075
-5.493560124836407
-5.168828092715562
-4.266690857737884
-0.7156936745059514
0.013197518142966491
-0.1370735616186271
0.49438476771331513
-0.20657102161692825
-0.765110352517786
-0.43457478116203024
-0.5685748426905464
-0.1969988428240675
-0.40492540858723264
-0.7296537999819934
-0.6243677963643068
0.24271725027606206
0.04670121590142462
0.1025680752571258
2.7100629719616265
-0.45936197517275584
-1.1748901067503108
-0.5968758287855114
-1.1300285180822995
-0.4046412431113681
-1.746068813683686
-0.20642743753844112
-0.46530495085949947
-1.214606948450083
-0.5555906935544197
-0.34400976395828703
-0.151155322124431
-1.4149871328485342
-0.23650004001279873
-0.0037730051380675533
-0.3037152680889374
0.07086290620566431
0.14156941009927465
0.15215362518656844
-0.12159971577240447
0.26262861330970694
1.1322911800384814
0.06038178728012723
-0.40448013237610286
-0.9991403271712163
0.2821218080281149
-0.18810796504829946
-0.09739386437387032
-0.3060580882461342
1.2308923024040839
-5.483525554219671
-1.4599275434502619
-5.432539043697912
0.3305449783822732
-0.8698306039945805
0.48768230611553515
-5.350768602023171
-1.7675628792996065
0.23737638344472828
-0.040007048489551916
-0.7298208105746846
-0.5576985134703119
0.47348100345777283
-0.854329595726169
-1.521344097026597
-0.7063215483303373
-0.013056262460335422
0.004565473376241969
0.946593768608651
-1.0388904714364395
-0.4425049468026981
-0.3587186910766615
0.01421726066011042
-0.2279960536145017
-0.5324285970387077
0.334370805435186
0.3649840778262688
-0.5700098135241503
-0.507843297496168
-0.03272015937414685
-0.2616593331617041
-1.120772830949225
-0.09324908674930416
0.3375098351695602
0.24627901443505001
-1.0047842287710638
-0.009957171146974614
0.04981944715733504
0.10937005360493852
-0.9212156396787072
-0.2838605150822066
1.9963354196942693
0.20741461396505287
0.2252310161358963
0.1260295858087171
0.28823607475039276
-0.08580704077926438
0.0687487648847458
0.05065992191564955
-0.5043561349573005
-1.6113015173137122
-5.653190181672883
-5.774679825818809
0.001051517532747931
-0.10482524906744034
0.20741017143313378
0.20661910429464964
2.419571252592687
0.25089720679983796
-0.29993664366252776
-0.7946110432400801
-0.43459088115326844
-1.5455771223467245
0.10892392308672072
-0.5968731938905891
-0.6172295162785055
-0.34498917771829135
-1.8271890966871003
0.1632005491951789
0.3071856270276598
-0.09713101553564746
-0.4591177202391529
-1.285311176478647
0.10042145984424444
-1.06878620821669
-0.6406405473655945
-1.0738383449812032
-1.114555996673631
-1.0593035780389426
-0.990628588046099
0.83048736029918
-0.644770574829538
-0.2900767677812431
0.2786855944084584
-0.7189508138236527
0.4426550327622515
-0.34024253413515443
0.005356862570258858
0.4770080339458593
0.2995980670642711
0.38129182611004586
-0.017870817211212475
-0.11717729445432407
-0.6288401149330385
0.22358620095140927
2.034284750310263
-1.0237502726335923
-0.5743050452625458
-0.18463375144461885
0.22003727966260214
0.8637708919549867
0.4393067102380845
-4.985396153533363
2.0858003958117624
-0.08286626466694827
0.44513397140116345
-0.004758316826345033
-0.3397695649547369
-0.14208531576705902
2.140766930146627
-1.0081210155888058
-0.17595341319907198
0.998213683657132
-0.22043673558086568
-0.16344398417325967
-0.9436498063279664
-0.17034725370754494
-0.359292169503506
0.002560643851780564
0.4102376772218626
-1.9671140590823284
-0.2854700507766489
-0.1587377625864823
0.5942999248668981
-0.5750217400402069
-0.8270715494066689
-0.8627972292825314
-0.849110315987875
0.14322296729793077
-0.14401050501541196
0.511457816697132
-0.32638309780839986
-0.15990600061838345
-0.3297940373140886
-0.9555669452906923
-0.9448187629648528
-1.3264861573412041
-1.3760293241410266
-0.581120686014623
-0.5731597804593063
-0.346941265264507
-0.9177443609864688
-1.0539404558848022
-1.4767421766078255
-1.81806572297248
-1.0072294418613685
0.7140622070754363
-1.1101978478472851
-0.7946724927752069
-0.24788547153986368
-1.2931929434669915
-1.0538559059454657
-5.307076974430876
-1.8659050569994093
0.01757720610584035
-0.07962949615092046
-0.225900177755533
-0.19614807034988202
0.20142348797000037
0.44301361625864827
-0.6699875571924065
-5.485602428931932
1.948415924758065
-0.6488179502624003
0.0166439721415082
-0.3528121071450209
-0.7753075643975689
0.18696695103802824
1.7646417894275592
0.019100117221139412
0.15888929049438621
0.12445738480544305
-0.4632046215907522
-0.24226174374302517
-0.7132415579844669
0.04607523844807809
-0.16089125914812324
-0.07760143867224228
-0.038221310083295545
0.07198255648459836
-0.7530377595415014
-0.2521092733060574
-0.6714128002892552
0.0735039739512097
0.0981978601939118
0.0695682921321546
-1.664816779746598
-0.8371885638923879
-1.9018049784419375
-2.583392532813898
-1.1081658009543505
-1.2102630083319292
-2.330754544251293
-1.1864480821199652
-5.627251980519713
0.45278399780592377
-0.07538224341144811
-0.029007585688509308
-1.463492011919571
-0.2741632379958498
-0.0021266685831149434
0.0696310634445706
0.18678304714510255
-4.972014720589904
-0.060887311886240025
0.437914085031546
0.5244590532619829
0.025646278467485184
0.005516473911325065
-0.3174867690734728
-0.852657814833726
0.13078251199258095
-0.35687269815107686
-0.015680968727955824
0.4345887138773615
-1.031062762292637
0.33473956003549926
0.07591181890250093
0.06518785907091423
0.13059411756442812
-0.015527751752415692
0.26369194881432173
-1.5166906763006025
-0.2657544588983518
-0.8503352350485927
-0.3812878745008697
0.3056246428546721
-0.15421073064106888
-0.0912067352027437
0.11963548319092215
-1.2409238275224586
0.23858176606492187
2.6428902301409822
-1.6573098560958066
0.08991310634599513
-0.3657362424238379
-1.7622455459373914
-1.6278473430462699
-1.1764075933734066
-1.8577495604351881
-1.3575403592966329
-1.6564742798406022
-5.07988760621342
2.094292511000597
2.2389428109313743
0.48560568000521936
-0.7021374476647797
0.10627348999768378
0.4705904113481092
-0.06273221272108229
0.2128287128192249
-0.11936492420210648
-1.455452223400702
-1.287125215386191
0.28948619457373664
0.5389070636908133
0.4579222602536384
-0.030803192871575402
-0.8926090632824379
-0.1162637610385237
0.6414015687698866
-0.10763274624776659
-0.02672972416498995
0.40983969746670723
-4.758225051009846
-0.16299044371044663
0.5613316037618965
0.028522351887034836
-0.5043686498491502
-0.8196592716000033
0.00934053061032103
-0.9126402145401578
0.22532451104111156
-0.06135922633126181
0.04930854361138587
-0.9085778365627648
-1.7694466632464998
0.026236756231888675
0.03513829570130614
0.9251683439137655
0.06512019653025652
0.606429096966167
0.6021802449798934
-0.10638932746089302
0.28399969325517477
-0.9706508320747338
-1.281203530556474
-2.1672766041767857
-1.4617967204018751
-1.2877372858157052
-4.877514202713739
-0.16742899569788017
2.2433963762851934
0.5250021464671129
1.2916120903617592
0.15881686094701675
-0.9389520644415574
0.0729122545165718
-0.22882785015533852
0.08221947720207108
0.019401867813531204
-0.0820108529881895
0.03217752699449675
0.058689304378968965
-4.755067345072125
-0.03615753692406648
-0.44655803098625996
0.42601684191532524
-0.07082235618602742
1.118775962696624
-0.3263258803138975
-0.41158661068719854
0.8366614082144104
-0.43523759241422905
0.16936466892704272
-5.127651857903618
0.11957616647379984
-2.072259040740682
0.04715286746315764
0.10546189655382397
-0.5506184303022876
2.073445677958287
-0.1309123772148702
-1.3035451744921398
0.21557564441012303
-0.11859350557765586
0.566974747409132
0.22279250531893252
0.029648547312507934
0.081310570522101
-0.18975323530729898
0.2789015882664957
-0.3907050618948665
-0.12061347460329619
0.09052171954752147
0.051292346050328994
-1.0782044028206843
-1.1657836348358175
0.37229232568608134
0.20666950705448117
0.06566913959318885
0.1380827234008882
-0.7696521686615232
0.5346889744116408
-0.36237245843143223
0.2598989954558384
-0.1753396093485129
-1.2447446460841007
-0.09283071298035989
-0.16895458813843406
0.026695189565881683
-0.29583790255054404
0.14208233860958985
0.13926014805226156
-1.329750823322386
-0.08234725185012176
0.2145484919719607
0.03965624837367861
0.3684627159438276
-0.7240938030648834
3.306645066809747
0.21578763880810825
0.11078970265116378
-0.04897240288648874
-0.07392148864103681
0.3777884319802971
0.5506354141104823
-0.44432937227810215
-0.2653249020591188
-0.2879295178563778
0.256504975800724
0.44652498082371755
-0.18455282712273735
0.008082477389157433
0.04524119087697266
-1.3511217707005931
0.7946739918205483
-0.6200588467016812
-0.3403761863609164
-0.26676218991782324
-0.03603911273651625
-0.07615747004126383
-0.4563062773451379
-0.1771183968942927
-0.45857885951457683
-1.9072526486665997
0.06231891424045574
0.006697008904314128
0.05223778751004343
-0.31328632631499825
0.003644132086091212
0.08516675955054041
0.067492403833594
0.9770698750960662
0.025144189884370782
0.47976448527373705
-0.6038244462488267
0.4021345171114949
0.8738454323086526
0.21182420484283282
1.6116729904764453
-0.32444661167569416
0.029847279735829513
-1.086601859850251
-1.212631822691557
-5.257752599745359
2.022775099097857
0.11082767914828076
0.12774377490214828
0.3925104203925056
0.06816185043591283
-0.33490233964122684
-0.012741522295935004
-0.520979588619878
0.15768348198585896
-0.05122863746898951
0.06376668263911897
2.125369925855347
-1.2480896524786418
-0.0809861940712718
-0.2930517014797104
-0.11873757641319765
-1.0221748968452447
-0.1334630611386824
1.547651170705283
-1.8694088063565526
-1.7000172583514799
-5.643463274344095
-5.335059975197306
-2.9954210872061067
-0.4098495957045191
-0.34864781602773126
-1.0876514669646191
-1.1996002164988095
-0.20457028627050622
2.313198320770918
0.29572786762930436
0.09004165977455969
0.270859337724
0.12354881210712093
-0.3513950237020285
0.027034171555473968
-0.16442327061323508
-0.49386371985067884
-0.16683313743963896
0.4649425407748132
-1.290434702246809
0.6806052372043476
0.07904474687818984
-0.28710839397258575
0.2688320065739939
-0.504940226350141
0.11941328665244955
-0.13293474209725642
-0.515745020507236
-1.745747394961861
2.1435158201852755
0.9427123638909616
-1.389820258005158
0.13997282199156463
-0.03325207339170738
0.01631420857682811
0.3103377177874945
0.6751095384655172
0.6928484942148339
-0.18447641492679406
0.233039410155793
-0.030375719096613907
-0.9926472042501184
-0.06599441135455486
0.034555722901462194
-0.018886073272739667
0.11114264376873156
-0.3259150515031594
-1.2079514760811443
1.3907883723361159
0.4813892149062925
2.1289055154473755
1.8524164175261717
2.5391515502204607
1.0259645010600236
0.18151129962435622
-0.20506921538730677
0.46455269380190867
-0.118530090360144
-0.7399633108634645
0.24529407522174523
0.5850399238252746
0.1958374582542236
-0.06675537551809424
-0.04268771740699334
0.788812421623768
0.4825532683180887
-0.08045599598573283
0.39515743955315996
-0.2785920125085954
-0.9073364230559373
-0.31406920693834256
0.09963845539453192
0.3330833741550442
0.09507968080183857
0.09199493132524189
-0.25779085591237677
-0.7004549228718757
-1.9316633910368046
-1.0557530127148644
-0.8304684952980685
2.7261646083799653
-1.6293229797779196
-0.43385994086528584
-0.19109752682047904
0.08850790833271217
-1.005755894049878
0.7060772028556463
-0.12396353207653904
-0.5183997451932643
0.3903210569907777
0.19152003501887777
0.1386144953428906
0.20706637425969526
0.05773780449171395
-0.015306180823798782
0.16720453204877306
0.3712808155004213
-0.011330562399020694
-0.13729231083513632
-0.019830648040384202
-0.1532527553600483
-0.11181036061570887
0.5964564332979814
0.6552989645380114
0.2527699636510774
-0.16778174770213
0.1869299435984479
-1.5600511394038379
0.536967341526196
0.2552954705972686
-0.18490962609999922
0.21140304296353485
0.09745258540257998
0.13222333023126182
0.22875389656210743
2.4566974692876413
0.4726076991921663
0.15149836727468508
0.4832385644608112
-0.08337875779560705
0.10591473487587016
-0.12387996227774395
0.11694197587837213
0.08167819863973952
0.14610562838265168
-0.264434489881667
-0.3663588903145137
-0.6720587160255262
-0.6309475153874617
-1.6698886856489568
-5.128695710201543
0.007046927700847194
0.08419092719838481
-0.3367049191607789
0.17093315036910403
0.8767511416856362
0.6725410371318985
0.6524900886811793
0.95655433120496
0.4387320601137764
1.357772479600201
0.48358981979112325
-0.1939588293103649
0.49011696596688453
0.11772404584382723
0.18224060479424586
0.3389521149932644
0.04496890155170702
0.3129647344750253
1.1001993517942872
0.5504853889155137
-0.36187845813126635
-0.04201786718286188
0.06290848624225959
-0.03934646244332635
-0.5879075202271589
-0.20127213180069398
0.8294311580788298
0.8921981099614571
0.2649837608788072
0.3694069994943428
-0.27065078306511786
0.45730436886186815
0.23795762792038105
0.4104174207185177
-0.0587935524528094
0.20380437782205885
1.0400156168882224
0.4177654479363249
-0.8230262357829199
-0.9340824801144183
-0.5230579371354067
-1.503873444119357
-0.815514412288247
-0.6804953564253158
-1.8056678023989663
-1.3800897196269033
-0.8088052088475148
-1.111413471431707
-1.4325061229269065
-1.1216585984614222
-4.863775397919512
4.195842751645257
0.11532235128326454
-0.017807239405484898
-0.11999239662480038
-0.2369232794082729
-0.033037939129751004
0.8079179224958013
0.20270512015597714
-0.7863894996770961
3.070704075696088
0.23109225975980668
0.1759941713671392
0.5009516533421461
0.6127743739275351
0.07661939331215839
0.12507796027672768
0.3523190749419978
1.1039667937097906
0.9447705273717428
-0.17908668066205585
0.6463019171660291
0.7146788587682265
1.2259162633303977
0.3339833328180472
0.27432114331802365
-1.3086384623176701
0.5094637657009613
-1.3341329364394678
0.3058470273990606
0.9325230105892865
-0.05825966832679558
0.42163153478770793
0.8676147011182329
-0.9453454247149384
0.025998622981088737
0.4966815213246552
2.50877268952454
-1.0669314884407184
-0.566963679504271
-0.7022814122900216
-1.3457105237003224
-1.9665411115677318
-0.725811047023182
-0.6205299468610177
-1.304833502355555
-0.960429407013359
-1.0070037625506894
-2.0917372912987475
-0.9700205244244033
-5.545770521763599
-5.170261799162395
-0.034631671278057385
0.4520625374735478
-5.094350247649453
1.6387499491764914
0.31451205704329505
0.29961552111883055
0.5124505819634093
0.5539950905529623
1.0682244106076915
0.6068526988248775
0.7772272354660874
-0.43598642545298677
0.431944733979543
-1.2546105483117045
0.9429578497978064
-0.7716289152258775
0.44727255342818484
0.3118988685044762
0.48121345285130485
1.2802443889331314
0.00530281376420999
0.2911001807731425
0.5292703455129322
0.8775954883147115
1.6955253555532286
0.8376623194466235
0.5393398487319514
0.03249505109234102
0.7669359169266285
0.2680689383280593
1.0027999719999139
0.008511822940156344
0.7009304148419819
0.1687004996990123
1.7127500191421432
-0.23255466567939992
-2.4296892201246476
-1.5166635818745307
-2.0071786669998635
-2.5034209775712384
-1.1554374623655965
-1.5642432928944712
-1.5947255944101557
-1.4866541742930317
-2.046372801306543
-1.411066566178318
-1.7751274862644215
-1.849303332457363
-2.2038754839084804
-4.785771441036948
-5.539164582569684
-4.850161041393489
-0.15788431360875926
0.3667036903468129
0.09024980582584141
0.7210318498027353
0.747248050084163
0.0006974343164525831
0.7170949585847057
0.98017207449689
0.6624084892231785
0.1868970292688617
0.4676400617130995
-0.10426297144998381
3.0307892412637734
0.8434156775976265
0.7694224898430535
0.33639280602086746
0.662754179140588
-0.8544515331910378
0.19687322150812225
1.0969120228564506
-0.9191032586417178
2.1451018853445687
2.0436067058919942
-0.8454862692257561
0.728527448898542
0.8455574823421823
-0.013794845905654884
-1.0602593154341053
0.8365587022033836
1.110164765073694
3.101614704822524
-0.21626464874817036
0.053545486681884205
0.01334406084272921
-5.843316581991461
-5.633673608387027
-5.035955003151733
-4.741862269296377
-5.901913166110281
-5.322239803481618
-1.1591086683602199
-1.8510136931345778
-0.5903353974939887
-1.5068061337469887
-1.8366754594549723
-1.7395522712289204
-2.1472130121553783
-1.4349747442904133
-5.396032907988877
-0.14003010710602032
0.23655706427854378
0.6163197113414884
1.5958182552986409
-0.4135522444302266
0.2590313898027053
-0.10923429645754296
0.8760263847287482
1.8162848692323443
0.9100588299347319
0.6702249489847496
0.43558855196337315
-0.03411129309391964
0.6970581140795782
0.35470356177511736
1.3168536627838976
0.26355021049029465
0.8683198965760965
0.9085778276304326
0.7122403269470619
1.5671850974143309
0.8926460529281026
1.1361565288735815
0.4632459449713732
0.7252426022605458
0.4611548219136846
0.9291615432400384
0.5576678464146563
0.8527375774154202
1.856369614226138
0.9904677888865627
-5.298600757897235
0.20813998975943204
-0.7942589653632031
-0.002654316860182304
-5.475871999777161
-4.757114615589261
-4.489332765229415
-4.339971031831617
-5.190048395476043
-5.257612285293063
-1.4784095554507442
-2.494486933463514
-1.7612331198994764
-1.6492089056502393
-1.6782809165383554
-1.027584055733664
-1.585785093261642
-2.6644754328218725
-1.3261560290203898
-0.05462202680062295
2.106231908647583
2.1955911425036767
-0.13759448950699155
1.1588780025502377
0.793668220187044
-0.716069897015631
1.018940745126314
0.8717510058299056
0.6921016335564638
0.45545043065097407
0.03571145872388176
1.2669816793303441
3.2153237140972037
1.508416231936974
0.9277370902232658
0.9887249250126804
1.1908240200197848
-0.8161985651046353
2.8561350537309647
0.9983292554864482
0.12420942176155486
1.1067799462743892
0.8676123897662957
0.000819895572535867
1.0662471674561462
1.0918131219137335
1.0331242309947561
0.5682577256921388
0.6050279506385661
-5.36037937743268
-0.07935539526073909
-0.8701881520588384
0.46600801153653354
0.22129831140455944
-5.1271118912605225
-5.536035635236614
-4.919142429855298
-5.493726446121456
-5.987498250455174
-6.05844782763488
-5.527505327633807
-4.80861639563026
-1.7836387250420387
-0.8737478323093195
-0.6208766874073295
-1.2065444529288918
-0.846264128612437
-1.5877866416953368
-0.0030203045489523017
0.4580023467612571
0.8868968378847593
0.9334331438086483
0.4335208601441954
1.7255873969601554
1.6000388980599176
-0.13908564265489504
0.6415941570159445
0.4983549152353805
0.9726724057098295
0.805973741152771
1.4332932800624334
0.8630614699016612
-0.06829392915512661
0.35598915938539577
0.715163943431212
0.5259382454690169
0.9716810982100559
1.0829858997821773
1.9061733930728244
1.026346984415648
0.8794377057849536
1.9912244491269866
0.45766642960389575
0.9764629837453926
0.3791857719823684
0.5427771066246165
0.11741584272660749
0.8854790255767677
0.9315699914837758
0.7821516000537179
-0.39002688495370846
-0.3234675080786727
-0.2586861572847587
-0.10564321470648069
-5.3021418731367485
-4.226537436980004
-5.051949600082232
-4.924184691594382
-5.696533961614336
-4.46279330930156
-5.117199362300084
-5.0553772264322605
-1.6084541736290812
-0.8280916226151795
-0.5863057767406152
-1.565405786797789
-1.100217889034817
-5.616057918880995
0.9308306279879108
2.5777633410810066
2.051049146441932
1.0216947833793995
0.999548987274786
-4.659261247978193
-0.23451149561839774
-2.2791587940199434
0.48981351316200755
0.9931968408674858
0.7044238122512172
0.7454585042128015
0.7595682509006467
1.2779892950708165
1.3382774150053625
0.9692758947701363
1.1097796501768125
-0.27801719443582734
1.8343360172492371
0.8411065154502304
0.07706841831393968
2.142765928511162
-0.1759551794935889
-4.6881045740590865
-5.557349460178318
1.1170409197967872
2.5486495999848002
1.3577268785615726
4.524476274700618
0.9897270889597845
0.910208758707703
1.490159737042734
-5.679581073804981
-0.18334494180654975
-1.2037777693468286
-0.25105616026386257
-5.666503047897673
-4.937597171968726
-6.354572523972789
-4.9631430558391925
-4.077435487992176
-5.721777424093138
-5.04385165447517
-4.922121426199179
-2.486899998298331
-0.96231277987302
-1.3747888740332623
-0.9778380178174038
-1.9709697360494056
2.730322945944137
1.040957765760231
1.0794666578408232
0.7609957808079326
-0.08249569509918503
2.5869583127015106
-0.1911752153176703
2.643530080021969
-5.581067012618415
-5.1101302864678475
2.0088197833091708
0.10177554202221056
0.9693300940310676
0.9488823720302713
0.7006257926355999
0.9789088623343496
1.5460001445179956
1.3130659386020331
1.6761837106785153
0.9906927414547235
2.466093274564839
0.7404812680545905
-4.877409944461092
1.9884767062835036
2.4531756874181787
-1.3668444649280558
1.3005440989773736
1.00894265556183
0.3226679489074212
1.8230234912890415
1.2202745902072059
0.9112159204949859
1.2676302515772253
0.6490616485211398
0.12085993714180054
-1.1663855245800758
-0.514394570351298
-4.999333530185422
-5.631640519849365
-5.105636544718574
-5.310914400181303
-4.431095846473763
-4.892636618308851
-5.18091158786748
-5.316835164235107
-2.7926907144302415
-1.3381535291088227
-0.41243725944020077
-0.7621563608194004
-0.5975913653444236
0.6515547223745557
2.9155230768510774
1.0260123066306799
1.6712909765397521
0.3771039763507125
2.9561045052637502
-2.226550026373022
-5.77072850269453
-5.144146479204188
-5.537531035447592
2.5010964958070674
1.0042142437033146
2.6310336511074572
1.2552984771418216
1.1592653273040554
0.6838836871475134
1.2402198283344292
-0.0024084782101529423
1.891117766743413
1.3147708768112638
1.518509119216646
1.5136009738178475
-5.3964176196135325
-2.679847555409243
-2.598246942357973
-4.961392573907683
1.8779890050240287
1.5731381425154942
1.394759490933946
0.9760218171112951
1.3592866497784444
1.2221874774677075
0.8559013781371356
2.7494192744471513
-1.847652762331228
-1.0218438483925458
-0.48613689460837356
-5.384740629729317
-4.226990609980465
-5.496822970190273
-5.463046242686145
-5.045309585961518
-4.845757631430025
-5.360977493227435
-1.377430324006048
-4.885182334536472
-1.7706627520919525
-0.5169522892438934
-0.3340462573684489
-4.692851685088564
1.4130157574596776
0.8819979114047327
1.953177106520763
1.223298616357267
1.3812981779041487
0.9705671569274603
-5.368590363915452
-5.4290745378122915
-1.9025204082783542
0.6311605546366941
0.9650387552625812
1.562509561279637
1.3469114948322125
1.2681194938283564
1.594660756519703
2.570165477697482
0.9540545272468997
1.270975133516945
1.3248252278368815
1.9023859623280979
2.331520078404612
1.051193615283235
1.6471718687302206
-3.0407376195985827
-1.224831925257598
-6.154880394571225
2.4287978452827557
1.0831207612040012
1.9020436481956824
1.1382359167721714
1.2673073262074706
0.8435377134079547
0.8320262311592268
2.760612499529163
-5.996601906189409
-1.4565010097275084
-0.912092025662814
-5.239786935490084
-5.150374474951651
-4.897422181891909
-5.45783556033719
-4.810934027679241
-4.745837774790254
-4.365903230465975
-1.028577262532509
-2.561546481624871
-0.7370487742180445
-0.5695764853164664
-1.2721713906521008
2.3190947963816164
0.8041942674696818
1.0294797695715967
0.23931044402693719
1.6229539640780184
1.7937340373924884
1.1742622381222931
1.8365406348173627
-0.9410348339674692
-0.349051935865703
2.095784188736501
1.214230281138185
1.3828698416927074
0.6777563360672707
1.156055130788022
2.3581837328748914
1.1218381725535995
1.3157289565914323
1.138050633515627
1.787374321048941
1.4180988897032138
2.7614666212943684
1.6115989383017735
0.15520176695866855
1.657622906186904
-0.008369577921573196
1.4090942527561465
0.7200191180830315
1.4679894255507233
1.5209407408718283
1.884449933924087
1.2785664932622516
1.3602238884523161
1.6007915352396735
1.7508504314061453
2.3666900591299043
-1.0012455252694739
-1.6342223524934951
-5.554481973177113
-5.274699798971906
-5.7813595034857235
-4.7854616192149635
-5.252997766622314
-5.556299092614443
-4.715371708788257
-2.0926660424453627
-0.7511794405156149
-1.195494682134436
-1.5607752705716416
-0.36825817465320027
0.3497936850984265
-0.00430345933982762
1.696639740648354
1.6501540780204125
2.429059329340246
1.812724004674939
1.6132977206710795
1.6618971645622467
1.9383592819800015
1.677208843115053
2.4708856245725603
1.6551519264741037
1.5139191430734384
1.0951731070926045
-4.783852872232864
-5.986406984166179
-5.5868853538500804
-0.053015646033570896
2.0759875176207006
1.5482658541558338
1.4769865220499703
2.193602081105744
1.821568181657378
1.8759802264381702
1.3197550275060097
1.6503147189821434
1.5340096897616933
1.8304863328731926
1.2802823514740158
1.956144406355135
1.6855470571165205
2.0951362818211106
1.7515576828880537
1.8510734806457485
1.4224055105342226
1.4435430994401797
-1.0341125437789098
-0.48272375473123036
-4.008540433153825
-6.160424708906689
-5.417465258548875
-5.610484790626623
-5.474806283068207
-6.1002004381933235
-5.446652720692705
-4.852749480463582
-2.304157859844766
-1.1834175889963263
-0.6645502048385288
-0.4774226935924623
0.2922206247238454
1.499626703542278
-0.5421342678004366
0.1196496431150188
0.02664513037124211
1.758073088128668
2.5040472307045056
1.5043530798595524
1.6133458191736225
1.3769725576029024
1.8839065134626478
1.4630508162526805
1.950172512487685
1.5766643880678715
1.4598087516011184
1.8627332809002897
2.281336825141044
3.691475438332726
3.26482137997606
1.474156487977194
2.2801141592702776
1.6528029747838746
1.6916998637719007
1.5864444281892118
1.859401326844383
1.8696470105347789
1.5190891561274529
1.6726181462551066
1.719576345967641
1.942998524028239
-1.2610790575990585
1.5485304810103182
1.763223886337396
1.808550843537562
1.8750042569323195
1.5122194854599398
-4.764713478186212
-0.7673278946338031
-5.498605543722845
-5.305174307141437
-4.385456320286058
-4.755574313231428
-5.102383548264927
-5.505856593224096
-4.638068180831043
-1.6411704484576504
-0.7277554890117741
-0.005977250166386339
-0.8736499189070293
-4.986126709612938
2.2884729732081692
0.010521640159788126
-0.20595332464916433
0.05586555763212957
0.6321796837835049
0.15501711936265045
2.1622125426158796
4.734067887798827
1.4295906780258587
1.0947223859537722
1.7677147363570498
1.5407415447239794
0.9423110721032173
1.4138692335900995
1.6737653594267214
2.1773303065520895
1.7838677528258018
2.357554367062284
1.8151989375689859
1.4715258130527702
1.4236554396812362
1.8315796513318199
1.944061147792726
1.663035721589985
1.9324366285419274
2.1306240399679206
1.7426422416927432
-0.14203770990850023
-0.09497610693622144
0.46521629782634993
-0.10965872650927017
-1.11059013756516
-1.3725046992823877
1.818328067447556
1.5684362813460377
2.180742037104595
-0.9274796157460647
-1.2917802620736942
-1.1154202049924709
-1.0890758674639516
-2.3425847072418815
-2.12233783919999
-1.4457324801398301
-1.4042668319344804
-1.2062728331281851
-1.1064211967289563
-0.6146742363695752
-0.5445265982413992
-1.1952740231735635
-5.068904132201329
-0.43206476574553515
-0.07972046410315009
0.24812242359751518
-0.28200575637122965
-0.2516604573397329
0.274391192230835
1.8865734414317288
0.42083458113945255
1.416405039946472
1.5115957026312419
1.8818235265218126
1.894181475823221
1.5522837807602634
3.7707454403925174
1.6566312302234418
1.9567047399250659
1.8788671415285356
1.7684777204329667
0.19440653342826303
1.807294705571766
2.9699047952167534
1.7799101733624498
3.379811340153699
2.2389090239491547
1.6809599000831306
1.8811001982722544
1.7541364294467363
-0.7948158283200084
0.17254370011345785
0.4805794095807811
-0.09267206145909718
0.7969564851065345
0.15548266096024116
0.29962179921959115
1.9435067367364869
1.7423249410019073
1.6480416209871798
-0.5337605190279708
-0.6850184222694071
-1.2080676144963887
-2.318852655816753
-1.6509107313652711
-1.6563430479062697
-1.1901910762763364
-0.4988032268487684
-0.22786832527119838
-0.9161994626347769
-0.6200087593403281
-1.0655975474109662
0.2736819756640542
-0.12038186958442182
-0.1052550783264406
-0.2543635728359444
0.7609618261690554
0.14999049297944075
0.2616301824476689
1.761762153856659
1.8256571168773326
1.5485659380875114
1.9662164500041184
1.6247225548337243
1.8165689342776017
1.5513474296376342
1.4184415648359066
1.6771245322209292
-4.995676834781787
-2.2884621716362004
-5.5829994162992485
-5.2205490614512176
0.9810842149355552
1.6528571576063316
2.2915140507516782
2.5241620434840053
1.4528436879217337
2.1431053306980363
1.6572672249521656
0.9473360030385136
0.19897641304219255
0.23607338068777978
-0.09361856903794802
-0.008351893825686851
-0.15895330669392105
-0.344042998142636
1.621467291318592
4.410739534583939
1.9370455163446283
1.9908397508203706
-0.3434153968366542
-0.5470688246400381
0.12263240988565882
-0.5789772606227399
0.21366293713766688
-0.6954072691250788
-0.837135642894208
-0.34517096858279767
0.13429558051102486
-0.026970445215634686
0.09018269216983628
0.03219301147561057
0.04911192478446834
-0.09446239812071727
-0.47121326848509254
0.31820947454045756
0.18876629656913424
-0.4362215662306154
0.24423434009760064
1.8603643835688448
2.1009908591955084
1.705318931489662
1.8251936603251373
1.7830724302519183
1.8998919698822068
-0.05855078464776836
2.1939736908993286
-1.9544203244839244
-0.5624595419663403
0.36190634225049717
0.9474282705337012
-2.0225556752123013
0.030682289585252015
1.6179215891882683
1.8399264674933402
2.2370485317533366
1.7457331412060857
0.12314409370525731
2.004769052854848
1.571181276123799
1.274895665795146
0.005441674173954747
0.13499421273349022
-0.6559990271494354
0.01917473857773061
1.1902789409850811
1.067316171071179
1.626750097785993
1.2999717695057154
2.0380355299358963
-5.257023314339949
-0.03744387004681432
-0.3107662335160006
-0.0693497434642813
0.0505503161408814
3.451837081490463
-0.0845572665382493
-0.2906594327480952
0.17901744350526722
-1.1707244000332775
-0.12526075162261624
1.0932221220424867
-4.788785995330235
-0.00939487978231518
1.7248570042109024
0.16027600957555443
0.3279408652168137
2.2454808333696303
1.5998351555492774
1.9132104070150984
1.4269010611056974
2.232446643785182
1.859958959262214
3.444121789838318
2.039259355187174
1.7239266407522567
-5.433400913475535
0.07340536423047861
0.26349177637808174
0.055959652488514866
0.969917213085306
-0.8045675068136526
-0.2906996302277761
1.7528379243766823
1.5611727883816804
2.1454012706000145
1.8374790316564344
1.9241686588830245
1.744716774366971
1.731766171386003
1.5883044837494902
-0.06892843265455642
-0.2818393313059701
-0.1400226253048672
-0.008795109200699647
2.0801905120715887
1.8745833694920224
1.8536274651099207
1.820390860853262
1.6737421078194816
0.18543436780102257
-1.687415208551044
-1.1973788919907327
-0.005213644584217497
0.2740831115198608
0.9160232779309885
-0.3951055332927694
0.3755683528219336
0.09503016465371097
-1.1547249864966564
-1.2699974307378705
0.13411954302216633
-0.7678791096353532
-0.06906340661128268
1.9645268682837203
1.9289422799244589
2.02931858633234
2.0095879293581196
1.645650502885308
1.972056718424637
2.258697669517357
2.0862715351253307
1.9046615738097548
0.3093624697080047
1.763235703904378
0.36042456663779615
2.0090311810457813
-2.0491821415323286
-0.3536356325412284
-1.1257369784143068
0.2315960863988799
2.322895398200147
-0.5354547738866429
1.9241278947348142
0.614041201859808
2.0124290815845693
1.739108466805754
1.7096726770714714
1.3936273379524082
1.5625785558495733
1.978090094243266
3.2711106497231093
0.2700372676259493
1.538383125803188
1.2224908428769652
1.8677580988888347
0.8114645662004631
2.176505576094267
0.17957981370182924
2.145575174196838
1.8692008406692333
0.1995174968738891
-0.14574230880759798
0.07050898894620089
0.13392118067535758
0.05887054090158597
1.253895301608262
0.03919030818196639
-0.10375276370595848
0.09254980948266384
0.13914858311364348
-0.11274277951365924
0.047224928322295745
0.11128691698936999
2.186470922689536
0.8657772512554469
-0.4851833685279518
2.1469408697331547
-0.24116808214819446
1.8369062742195008
1.8593474097236107
2.216127792262676
1.6137536166967097
1.7197574426913822
2.2551574805998604
1.7574483861222303
1.8168185316761503
-2.724591318234849
0.5159318353237714
2.232739538842763
-0.0006891517568846095
0.10200608065252079
-1.1256017813635517
2.0895252832889093
2.992807699045858
2.2824603548519016
1.7608314954320565
1.8078927888451752
2.6184407532308516
1.7471765224039366
1.8763769927694192
2.1954268514062867
2.101159812790798
1.959596517897469
1.8146280795580978
1.9525896959416538
1.4059203670866036
1.8213453243508837
2.261242418806989
-0.18660596236713317
2.1036502718687964
-0.005426427275635803
0.2041756974164411
-0.2963941717728481
0.5978847754067396
-0.751244627432071
0.28485628577804506
-0.11458023423275282
-0.059333765426448914
-0.23214870971566431
0.16737733654458128
-0.014588616361801865
-0.18639601605135242
-4.914793887072688
2.551331388377593
1.6212337649136974
2.0965656584110204
1.5238458147217133
1.949075338582359
1.8516768255371818
2.266929095931355
1.7084005361559857
1.8988716516680524
1.6992292530909507
1.2589777442664516
1.835987677779272
1.9797767448029169
2.110648282663944
2.588082675505284
-1.7223187270235842
-4.898086070093214
-1.1087740085031337
-0.6589325641745383
1.6298658125921581
1.8139646264395846
1.7564370743181232
1.5860245093179648
1.9045902115667745
1.9388470203861972
2.1656008913576867
1.9040785981495127
2.1432234322713533
2.666070663836026
1.9141371035768082
1.9286128854309803
1.7566236380938234
1.9437586675816068
2.0665250080405575
1.5979607670659917
4.529645827086686
1.9328740458440983
0.12650571311255382
-0.7271060864225405
0.01784036027887953
1.2840721958907295
0.3572778547586183
-0.1794902575749714
0.13587035984085327
0.04239249898567343
0.05460874463876403
0.033323711556163996
-0.6277796200696404
0.14186499525842594
0.17441763245469827
2.6059394368511133
0.47849823768716854
1.9871362661920706
1.9362294068610804
1.651434349791146
1.7918427606304117
2.4638073722835965
1.5101029484832225
2.390835200976726
3.730758569159675
1.6673429860027436
2.009776325035993
0.8015225850746781
0.8988075126070558
2.196782676726733
1.8368329980221187
1.8306600362448182
2.1300462947731535
2.123462111766157
3.355303461558876
4.418130623212296
2.1413043509607887
0.40166345137218556
1.6563154394134874
2.007720849571724
0.23228999723340876
0.9605787352688151
1.5376323966737426
2.1685236875296927
1.6477986081122857
1.7080447558053893
2.3056562035991246
1.6623448921448842
2.3377374360771133
1.9285542147356005
2.4651613833954498
1.9841273455416935
0.30664241834202455
-0.06450642641026988
-0.07710912858663715
-1.5088438069220218
0.4774315085237251
0.5411924759906943
-0.3248135566177284
0.13518086996821646
-1.2026232683638276
0.8748939413299364
-0.34584804212773496
0.20923747986393754
1.5471927138154942
-4.6319462909661615
1.739415783500199
0.833164551206266
1.9242303397095677
1.6473725133841892
1.7033208478443207
2.5065025406039805
0.20408176785251936
2.4155242670704964
1.97443031007119
1.7297799357258643
1.9493377391140794
2.1781783776467316
2.173301082006187
2.2664430352199236
1.8634822289053983
2.227039454155541
0.6017962453494177
0.7294759502343653
1.449816861762985
1.5395292781916132
1.6059905032257684
1.7640878135629179
1.8051139620589725
2.018300913512356
2.098092817653709
1.9235902418586073
1.9591210449956717
1.6737059537427155
0.08880281326122069
1.9264429213288392
1.908636429594197
1.8116931367999594
1.9642582799483108
1.6312723235447522
1.9808946054504857
1.7015120188008814
0.7384227954435361
-0.9313034755312655
-0.40635284586027126
-1.5120698798139678
-0.27708354696929755
-0.06314499432384926
0.12774851451117203
0.3809606355543956
-1.6649749005864272
0.22966803297217836
0.10089466251809424
0.2618431447830043
-0.0025756841818213583
0.32086671585566795
0.15200683558459846
1.5045670468218557
2.138651448910262
1.4615457753833856
1.5186544955064485
1.8500010927771982
2.3687986709411013
2.088503183262597
2.199139066621728
1.0115174991834388
-0.1112792451327968
2.0509922658096125
1.7688248649496914
1.9111326940704259
1.863590814050108
2.2268164527016503
1.9758934570492919
2.4848404983173316
1.9961299786321753
1.7774734674889772
2.0375372651351116
2.3234735822925896
1.946347953746819
1.99223948770271
1.1549364172355419
1.600622327153473
2.0199600824117763
1.999227877126341
1.9470510429270003
1.6840233106571223
1.785146931981409
1.6742053615125263
1.5598963969767672
1.777634634386267
1.9406404739133243
1.7726234015415716
-0.05829366657117124
0.1331418233129814
0.13683449911236822
-0.4927026940454237
0.22701631019179486
-0.13064164223033248
0.06759052753079485
-0.2785024410727454
0.07507991923407198
0.215608890755134
0.46462835482306286
0.20225771451443753
-0.1813798495281499
-0.5173978596027666
-1.8320286626828592
1.3610367401923371
2.5683245747435386
1.2136728544683257
1.8268262728096816
1.756820632375176
1.1763039884737485
2.6103960914830764
2.2672182814980415
1.0399825128244766
3.2033640157366903
2.009608485822919
2.155800048719488
3.55126716931158
1.8721889739458666
1.7650446730436666
3.610636220185811
1.2195070083034574
2.1800290416204553
1.925856101103819
1.7457560278421718
2.17894524707295
2.3893314692716214
2.0879980161968987
2.121277743759654
1.2609222698952185
2.0193358039857805
2.3900003022474445
2.1019023453188908
0.8508831208603265
1.5220122380845251
1.8488703004883296
1.3758880725411462
2.370178582143754
0.6533690393421436
1.5865875064280275
-0.34580908052449527
-0.8247277059938385
-0.33471836120556603
2.1302503199188325
0.14093602256388155
-1.3544509007365575
0.07807920270919658
0.21549626358226487
-0.5852060320631727
-0.01312373529247124
0.424614593513034
-0.4963323209193103
-0.6150204414076756
-0.4309996480332205
0.2645529188187399
1.2837864756269226
1.8220518495029139
0.298288834459791
2.15447566170529
2.7735209709806585
2.2230009301018567
2.1297931263230825
1.5942511528791001
1.992003655997245
2.147451950996165
2.1550104348340278
2.0938326164574548
1.9237231222621969
2.0766946929478305
-0.01914282624650049
3.5704617071928078
2.396413742592647
2.047264191124538
2.1996470340959724
1.4131448243592293
1.9868580024770848
2.168315903701907
2.3869555569434553
2.4068164779748895
1.012945773600761
0.9882145656550094
1.7532208850026516
1.5684479092869523
2.197209611697733
1.5820827586945951
2.576420636994722
1.93369482152041
0.9433829043559658
0.5915169565486877
1.4975786458897051
-0.3354794743665067
-0.8429345677999001
-1.6271521071261281
-0.6979028981015925
-1.1502984368235867
-2.2435416418799137
-1.3610564917339536
-0.8022922901567049
-0.08362904611718686
-1.1312795443215546
-0.477782143316364
-0.6165000345814748
-1.2568580102464324
-0.3724235635432291
-0.7475722532526796
1.9497202428370524
2.0354394464340775
2.0050303253615316
1.4686128514418997
2.088115740228327
1.4116080397781172
2.0890248202832864
2.3683287095842123
2.169444606201781
2.033127714451099
2.9697257009773717
2.2759422892020655
1.4644832442029467
2.1834486309028818
1.9910464612637504
1.3600005772131447
1.397177001447323
2.02823261572954
2.346821803463365
1.876848832199755
1.8645305525465328
1.863855698296495
2.027646038011834
2.199914750214463
2.063928345294322
1.6678594502353412
2.014922612373543
1.5589967047917257
2.2904276514641824
2.437250901084059
1.8119731981067342
2.0672585765701954
1.7468947088052287
1.810240971442155
2.7135932689178417
