2.6940646
2.6200747
2.8146138
2.0126963
1.8978562
2.175705
2.1976223
2.0315242
2.1555948
2.0110703
1.952222
2.1013036
1.9431819
2.6993794
1.8078786
2.508336
2.3574076
2.3509326
2.769534
1.8754643
2.2425013
2.3911123
1.9777514
3.0759377
2.1226988
2.8747683
2.683631
1.8695391
1.8540534
2.1692576
2.8438835
1.941852
1.981043
2.004984
2.105689
2.6821976
2.1892672
2.8076096
2.9476175
1.8777645
2.0201664
2.28187
3.1286354
2.2993226
2.6544213
2.4125981
2.8685365
2.0210443
2.7626934
2.514017
2.5463753
-9.045658
-5.795872
-5.2429423
2.0193515
-7.362438
2.8737378
1.7795166
-5.1829777
2.5547752
-6.6885157
-5.0271034
-4.824919
2.0036945
2.8504343
-5.387697
-6.779145
-5.9767876
-5.334509
2.4423523
2.7488298
-5.7446957
-5.4228563
-5.716232
2.6645827
1.801987
-5.945964
1.8473414
-5.5551167
-5.586506
-5.5032597
-5.474045
1.9042892
-4.7174697
-5.621522
-5.592628
-5.9940867
2.6355538
-5.601541
-5.5115633
2.83884
2.2045512
2.0172157
2.805202
1.7022408
2.5153284
2.433968
2.3643813
3.0251112
2.587306
2.1124606
-5.8964243
2.7859993
2.781186
2.9651875
-5.7024617
2.6797466
2.4153595
-5.609023
2.6369839
-5.6490154
3.0144076
2.4431963
-5.6877174
2.9189034
-5.3230214
2.86629
2.7817945
2.3738737
-6.3478904
2.7377005
-5.9277725
2.6685576
2.8298216
-5.666544
2.453415
-5.620552
3.0131874
-5.3572264
2.4790463
2.9210572
2.7788196
2.705432
-5.4601974
3.0111194
2.3628054
2.7306852
3.1414285
-5.508456
-5.5167265
2.2297049
2.874721
2.7953215
2.827034
2.8655734
2.7632756
2.7598872
3.196581
2.7522106
3.0188274
2.2667913
-5.2040176
2.755251
2.2509851
2.6266427
-5.2753534
3.0525184
2.787961
-5.308972
2.7896848
-5.556022
3.7846785
3.0629401
-5.2406654
2.6818018
-5.6960936
2.9612317
2.6143775
3.0086875
-5.2749453
2.6011577
-5.992387
2.3852124
3.0805092
-5.603959
2.9553905
-5.4035854
2.8786163
-5.5516386
2.804337
3.0842118
3.1735225
2.4368181
-5.251546
3.1178741
2.724811
3.746367
2.9238234
-5.4435353
-5.3838334
3.0967884
2.7574334
2.6584835
2.7159505
2.9934788
2.931355
2.7191834
2.8708982
3.060625
3.5448833
2.2596102
-5.98079
-5.8117113
-5.7216983
3.4895506
-5.6596737
3.2206755
2.6875572
-5.115108
3.4204655
-5.245634
-5.233398
-5.675796
2.617197
3.1270614
-4.302099
-5.613506
-5.7709002
-5.8739166
4.0985036
3.1377535
-5.700185
-5.543608
-5.368046
2.780796
2.8780947
-5.745221
3.5534096
-5.659664
-5.699284
-5.4298964
-4.9553633
3.10912
-6.2901373
-5.075897
-5.1922874
3.213626
3.3206654
-5.3463664
-5.1065073
3.7415552
3.5683088
3.710228
3.3287592
2.9377804
3.2473412
3.2830672
3.3014393
2.942256
2.9283285
2.8157716
3.2037306
3.3378158
-5.4079103
3.2141848
-5.6106606
3.8665047
3.7311182
-4.6439333
3.444459
-4.916815
-5.0401034
3.6926074
3.3215132
3.5038962
-4.994853
3.6902494
2.757677
3.7585754
3.582327
2.9920669
-5.4627624
-5.549798
3.0026035
3.2984638
2.8847895
-5.2771373
2.8316517
3.3089557
2.97325
3.318039
-5.1564093
4.0799446
-5.447207
3.5873709
3.3805885
3.2365232
2.8682194
-4.2533603
-5.168689
3.4081116
3.4256172
3.5947247
3.2541294
3.760003
2.7897449
4.230245
3.196612
3.5682907
3.7376385
3.4681144
3.3925276
3.4155102
-4.9728065
2.6457467
-5.2904167
3.614284
3.398044
-5.542034
3.8941984
-5.501236
3.9035573
-5.6343956
3.162109
3.427043
-5.779044
3.7694302
3.4977837
4.209784
3.2880754
3.3464084
-5.656869
4.198039
-5.5173182
3.878047
3.9857683
-5.2645454
3.9217148
4.850768
2.81874
3.9564633
-5.1307797
3.5071464
-5.2353716
2.9443436
3.9970484
3.9266558
2.757997
4.0332108
3.8768659
3.523643
3.3117208
3.663535
3.7532878
3.7925577
3.4121842
3.8875375
3.500842
4.120769
3.8999534
4.1953535
-5.32012
-5.6346207
-5.29178
4.473894
-5.653172
-5.732421
-5.0601616
-5.4204016
3.2610092
-5.4705434
4.1939745
4.0465426
-5.1333394
4.170399
-5.3125706
3.9788918
3.6928296
4.570224
4.2836094
4.6175723
-5.0585146
4.3626738
4.0447874
-4.90109
3.5809546
-5.0526237
3.9588985
-5.345626
-5.1326075
-4.9992237
-5.3618736
3.7373543
-5.114777
-5.708919
-5.55236
-5.5738425
4.014241
-5.1996856
-5.245653
3.5651274
3.5872574
4.1889462
3.6352038
3.6330366
4.013735
4.617341
3.00768
3.8777118
3.9125042
4.4656267
4.347877
4.693115
4.0683594
4.5947466
3.7601743
5.2197766
4.0928626
3.941618
3.9958858
4.378404
4.6653385
4.656127
5.159689
4.1168947
4.737971
5.5691757
4.5936537
5.2285223
4.6308403
5.0935726
6.311424
4.49436
4.520696
3.9660316
4.9298086
4.897182
4.9325976
6.005273
6.3502645
5.9379377
5.044336
5.9942913
5.0550795
5.0095673
5.91276
6.14225
6.7501707
7.616411
7.564945
5.780135
8.60654
7.7448587
7.467396
6.8278
8.556891
7.298438
8.021559
6.6510386
7.90586
-1.231759
-0.26727962
-0.24449289
-0.14193928
-4.555989
-4.554485
-0.61779654
-0.7332752
-0.048952784
-0.04194367
0.023589544
-0.017463446
-0.4666115
-0.080672964
-0.44730842
-0.27976096
-0.3759269
-0.7972729
-0.41314012
-0.40669847
-0.117275774
-0.64889854
-0.30622387
-0.09851688
-0.34288752
-0.5572803
-0.8220734
-0.13352212
-0.23659444
-0.047263954
-0.6923486
-0.3375762
-0.050753675
-0.9146794
-0.7863037
-0.011449382
-0.13127732
-0.20447409
-0.14582789
0.28503025
-0.00961338
0.18461448
0.36929828
-0.24536598
0.18209925
-0.0018779933
-0.0034586266
-0.002828002
0.032099128
-0.013047334
-0.8724688
-0.69370574
-0.3630544
-0.47315443
-4.94972
-4.769032
-4.4064255
-4.9379897
-0.98539114
-0.007016644
0.002193354
0.025460646
-0.18918186
-0.33319086
-0.73242545
-0.6709837
-0.4155773
-0.23241091
-0.22861195
-0.44749868
-0.011515096
-0.33281446
0.08614077
-0.16381046
-0.30732358
-0.70701456
-0.060657255
-0.37063172
-0.63369167
-0.87302446
-0.25007167
-0.0028678179
-0.7838595
-0.27007443
-0.54799134
0.0038273558
-0.7695162
-0.56247574
-0.018149488
0.0012766346
-0.06305128
0.1051653
0.18193474
0.2269313
0.051588893
0.044340104
-0.072086126
0.0010812134
-0.039693028
-0.012236021
-0.49599087
-0.14967418
-0.42697138
0.018043712
-5.1210012
-3.8773084
-4.6949534
-0.020966124
-0.081374146
0.6477467
-5.2393484
-0.06895
0.040942073
-0.010450438
-0.3907584
-0.7049383
-0.021909866
-0.38862407
-0.123423934
-0.47011018
-0.4598097
-0.026867859
0.08345465
-0.4940365
-0.5197596
-0.18764687
-0.040537953
-0.24357903
-0.32961988
-0.023332357
-0.016508266
-0.43372136
-0.21405102
0.25754982
-0.3847815
-0.3599559
-0.09671117
-0.013542261
-0.012164831
-0.00042149425
0.004123628
-0.12899484
0.025410026
-0.051521104
0.10589796
-0.059489615
0.2010082
-0.010153107
-0.056222424
0.2764874
-0.3767552
-0.72034323
-0.010808282
-0.34461856
-4.051596
-5.4436455
-5.253085
-0.0042713135
0.0020676255
-0.0029482692
0.18931341
1.6868298
-0.17119741
-0.16572684
-0.2957648
-0.63214004
-0.008964777
0.0025121123
-0.021993183
-0.2848879
-0.8075855
-0.82051444
-0.011394642
-0.005167961
-0.010297991
-0.20422935
-0.5090168
-0.008833945
-0.6526723
-0.24100098
-0.6812741
-0.26158535
-0.39541316
0.031352043
0.00365901
-0.12842971
-0.035162985
-0.15604538
-0.26420224
-0.17909375
-0.0009974688
-0.014412891
0.042204887
0.0449322
0.021076418
-0.011934325
0.41357228
-0.10373785
0.26895958
-0.015848186
-0.2704432
-0.23454344
-0.20538509
0.37960124
0.5503244
-0.012396485
-4.2244816
2.1832342
0.059024036
0.57224035
0.2796865
0.12895185
-0.0058210343
2.0151663
-0.3886894
-0.59196967
0.030964226
-0.0038157701
-0.024613306
-0.21554473
-0.044461448
0.05605483
-0.0655452
-0.17029655
-0.9022216
0.1634011
-0.08087027
0.0034155399
-1.1803614
-0.31517386
-0.15491927
-0.39000672
0.00073685497
0.007957131
-0.0478778
0.014669687
-0.1284852
0.062051654
-0.077457674
-0.74603677
-1.2371347
-1.3296696
-1.2638404
-1.3829116
-0.5231612
-1.4824855
-1.1148032
-1.8063413
-1.0173585
-0.91294277
0.047509864
-0.43678963
-0.047798462
-0.09635806
-0.037027538
-0.09369634
-4.942257
-3.0738049
-0.034950756
0.40046597
-0.03391366
0.29728764
-0.0015998036
0.18939018
0.03843665
-5.01724
0.10447721
-0.36983275
0.0036008358
-0.17874682
-0.51583624
-0.012283634
-0.31535548
-0.0039709136
-0.0021216273
-0.0075153783
0.022236943
-0.32117605
-0.028012782
-0.0033069327
-0.19630396
0.043018438
-0.008599356
-0.05078885
-0.29528087
-0.24683368
-0.39728916
-0.21001531
-0.0474782
-0.008780122
-1.7169963
-2.0907774
-2.3509665
-2.4337397
-2.307003
-1.729469
-2.6637535
-1.3629897
-4.6802526
0.004034929
-0.011726186
-0.010037318
-1.0920663
-0.03121185
0.13503349
0.014890082
0.59277236
-4.9356093
0.17409265
0.3761474
0.1963203
0.17171037
-0.0034745038
-0.46596438
-0.043925535
-0.10353708
-0.045576688
-0.095413
-0.016632691
-0.31985056
0.054114968
-0.16141695
-0.009475961
-0.0043582767
-0.00065080076
0.055854306
-1.0294404
-0.30912864
-0.4124347
-0.15268612
0.029996358
-0.19132376
-0.12396902
-0.01040794
-0.4629681
-0.22625005
0.625278
0.036681235
-0.012014039
-0.001811333
-1.2024688
-2.367535
-1.618292
-2.2252765
-1.6238611
-2.3055968
-5.6461816
2.9863667
2.7650137
0.27206326
-0.38232267
-0.011912584
0.050589323
0.06853807
-0.0405024
0.44086546
-0.101216875
-1.726711
-0.011341624
0.4867924
0.051512405
0.37849468
-0.05370984
0.02060473
0.4878229
0.002105251
-0.0031301156
0.014211953
-5.125539
-0.1344607
0.06394966
0.2744819
-0.40184093
-0.306134
-0.046563838
-0.21798
-0.1310333
0.1554529
-0.005728893
-0.55718243
-0.01713276
-0.13003197
-0.007604234
-0.036366057
0.07619333
0.5103382
0.6456156
-0.0115869865
0.0031950548
-0.5659281
-1.752158
-2.093915
-1.9441048
-2.0433297
-5.4567204
-0.06661236
2.0306134
0.03709884
0.069690466
0.43771064
-0.5137055
0.03841567
-0.2549231
0.2252956
-0.13733411
0.12791651
-0.080132484
-0.0022059754
-5.9495845
0.27716103
-0.001410611
0.20987326
-0.05057919
0.09751487
0.0767045
0.006169997
0.07862909
-0.014410209
0.08085388
-4.776379
0.4195219
-0.07434082
-0.007456392
4.015118e-05
-0.21702945
0.0045541525
-0.041686177
-0.49859405
0.038099587
0.4163872
0.018356137
0.001861617
0.028917268
-0.291351
0.15147418
0.003735587
-0.045194015
-0.010746896
0.17598164
0.009876594
-1.1468318
-2.385272
0.30734348
0.43401408
0.124601305
0.3208345
-0.07261404
0.19974077
-0.022230614
0.28903785
0.015264928
-0.510556
0.40674394
-0.13306406
0.114074156
-0.23504364
-0.010565922
-0.010757394
-0.6419289
0.006390922
0.22421277
0.16171557
0.5901751
-0.45926416
0.98353946
0.37549835
-0.02021658
0.0026512146
0.026233315
0.528259
1.6978515
-0.18752754
-0.48431566
-0.19275993
-0.013508461
0.038890883
-0.12185156
0.39257953
-0.012862042
-0.6051345
0.066892415
-0.07571502
-0.23796356
-0.19572973
-0.008583352
-0.12375498
-0.0051101
-0.36916178
-0.039725307
-2.5542488
-0.110244036
0.09566879
-0.024704084
0.21167427
-0.013551712
0.22099942
-0.18610978
0.5691538
0.07167897
0.4646495
0.13782795
0.083124995
-0.009832874
-0.14150012
0.025304146
-0.19360441
-0.0040027797
-0.39997005
-0.87279195
-4.956317
1.947308
0.009430736
0.16934069
0.023266762
0.37878168
-0.12079715
-0.007644467
-0.3629979
0.5289145
0.29998288
-0.010078818
1.9018142
-0.23832305
-0.010759801
-0.040321648
0.004712902
-0.6448269
-0.20862165
0.020714186
-0.98967385
-3.0991297
-5.1166205
-5.10631
-6.141833
-0.83521545
-0.19468808
-0.6141996
-1.2529286
-0.039495945
2.3962603
0.03671152
-0.008236393
0.7236162
-0.01222229
-0.02673703
0.33117017
-0.016828548
-0.075224854
0.003731832
0.22557795
-0.112110436
-0.03835801
-0.08490956
0.01708126
0.007868931
-0.050342433
0.010327339
-0.7744141
-1.4470216
-1.2730428
2.0079098
0.5529384
-0.12601233
0.032284804
0.041021466
-0.0468269
0.40087736
0.6110944
0.74801606
-0.3653366
0.08532125
0.2647446
-0.031277858
0.009635448
0.16255258
0.097334564
-0.011076674
-0.044607587
-0.054553278
1.830604
0.2612208
2.5077634
2.6451926
2.634688
0.5382023
-0.003715381
0.21433598
0.4714408
0.37917835
-0.086144626
0.021272019
0.043327108
0.23725471
-0.014646031
-0.017448694
0.7905396
0.47242576
0.04940921
0.17425223
0.35291404
-0.9016152
-0.27240664
-0.010821894
-0.011457175
-0.09838796
-0.029726665
-0.44605988
-0.91074055
-1.3995696
-1.4458745
-1.1431799
2.831935
-0.027593195
-0.0024130344
0.161928
0.01217328
0.006554812
0.6879579
0.20112264
0.3549136
0.21285641
0.026379973
0.121178746
0.0014850572
0.21205363
0.020078927
0.13086648
0.29466516
0.20212829
-0.03192401
0.546415
0.08919072
0.24284643
0.46318275
0.5565343
0.3638585
-0.009585999
0.22861594
-0.019218564
1.1829294
0.11686218
0.052017152
-0.022064328
0.04494062
-0.015519969
0.3418244
-0.0788344
-0.09231043
0.122113526
-0.19209996
0.003524661
-0.0004619807
0.0667146
-0.008418813
0.022479594
0.025294796
-0.7466921
-0.6825259
-1.3631107
-1.8036281
-2.065681
-4.840495
0.30700618
0.19052064
0.0107116625
0.22860563
0.6580038
0.533602
0.73235905
-0.015096068
0.40665424
0.51457304
0.24916616
-0.006127678
0.04259447
0.27229282
-0.008566365
-0.011303753
0.008214831
-0.015226491
0.81433636
0.4431907
0.16789061
-0.0979365
0.0053994805
0.36191761
-0.04647003
0.0832026
0.6219442
0.5672726
-0.013453808
0.23311222
0.3250174
0.5369878
0.27586883
-0.014984928
0.014706388
0.13051173
0.62650204
0.023229375
-0.9846173
-0.8648906
-1.1337397
-0.78718424
-0.5326363
-1.2475328
-1.2306691
-1.172041
-2.028059
-1.9096825
-1.8812684
-2.5965304
-5.0214243
2.4948344
-6.625056e-05
0.04856004
0.20375991
0.27495456
0.14156628
0.60086274
0.1784209
-0.06042068
1.1411141
0.026075438
0.22306734
0.44995463
0.42916876
-0.0001289621
0.14826591
0.2611104
0.56041706
0.7449504
0.05053389
0.053180605
0.9506037
0.60924196
0.503554
0.019618742
-0.08914895
0.7171446
-0.08524126
0.48563707
0.73589164
-0.072222106
0.4220475
0.6575569
-0.007063538
0.23805964
0.60894525
2.3802557
-1.6516751
-0.8285195
-1.171581
-1.910655
-1.3355234
-1.2521267
-1.9842716
-1.6590337
-1.4047748
-1.3546859
-2.9380093
-2.5641851
-4.3770328
-5.3781924
0.28282562
0.43861008
-4.8873124
1.7341045
-0.13791278
0.0021932572
0.59156364
0.27458334
0.7256907
0.054414406
0.7203743
0.28175047
0.7833938
-0.038280368
0.09186864
-0.033049952
0.55238163
0.056267112
0.667288
0.7162912
0.23962831
0.020966783
0.5828788
0.5503809
0.56849855
0.77173316
0.41129845
0.41437298
0.7208008
0.022922099
0.7739499
0.43176484
1.0817462
0.74710387
2.4873457
0.20608872
-3.1412458
-2.35472
-2.9723907
-3.8553562
-2.7912173
-2.7157283
-2.5977983
-2.406282
-2.4946203
-1.69232
-2.2926445
-2.7126603
-4.752983
-5.0570025
-5.010054
-5.0947704
-0.054889794
0.28511202
0.22174957
0.45728356
0.63270557
-0.052439824
0.6682757
0.77730936
0.64471817
0.6085447
0.53125703
0.094812214
0.8494353
1.0441246
0.58955747
0.09591651
0.4943993
0.0068225265
-0.0007497966
0.8583089
0.15007845
0.8584608
0.56767464
-0.038458645
0.6387313
0.6914427
0.5755843
-0.07115005
0.7280643
1.0614114
1.1906887
-0.025750563
0.3104087
0.016547441
-5.122661
-4.604442
-4.9154224
-4.3786774
-5.2956705
-4.382003
-3.5695786
-3.1559935
-1.6041111
-1.4043211
-2.20829
-1.9052927
-3.127439
-3.9941297
-4.9970264
0.24899048
0.2426666
0.4608814
-0.051713973
-0.0045430064
0.45824766
0.36229157
0.67826664
0.5810901
0.9400381
0.6345351
0.2845921
0.2685355
0.6096962
0.5477544
1.6360275
0.66471076
0.86463535
0.6682118
0.47889245
2.9225473
1.1255987
0.79241925
0.896391
0.60090125
0.25946856
0.6606653
0.31824675
0.48056376
2.1461573
0.5828666
-4.8712864
0.36173606
-0.10676861
0.0016447678
-4.700256
-4.373153
-4.926309
-4.58855
-4.6336493
-4.425593
-4.1102033
-2.9970322
-2.4083023
-1.7614077
-2.2401605
-2.6107202
-2.8760672
-4.0298653
-2.0937629
0.23968023
0.6799076
1.563433
0.06935823
0.6585345
1.4868714
0.42835534
0.740716
0.92728555
0.55451125
0.0392963
0.5502149
1.224039
1.4724729
0.9541999
0.9203584
0.9002277
0.77480245
0.118759885
0.91296816
0.6740234
0.15785486
0.8934274
0.72341955
0.7245003
0.7719455
0.9802638
0.79937685
0.6433837
0.54215366
-4.72392
-0.3139947
-0.058630235
0.037366778
-0.010184035
-4.860605
-4.9112096
-4.950735
-5.2898307
-5.230731
-5.5461106
-4.8536572
-4.3652997
-2.9614544
-1.7469939
-2.1923165
-1.3880101
-1.0844995
-1.3594481
-0.0875407
0.974761
0.76689565
0.67451453
0.5833303
1.3430492
0.63817513
-0.08454591
0.8387849
0.5736459
0.7437533
0.83232325
0.96640575
0.83951414
0.15511668
0.77820504
0.96747434
0.7027372
0.9696572
0.9533932
1.5308645
0.85180175
0.72124594
0.9833348
0.7342946
0.8907206
0.36301023
0.60480624
0.70094556
0.88872266
0.98710227
0.7502799
-0.5052377
-0.21772504
0.20913652
-0.0013065189
-5.104093
-4.9411163
-4.7921457
-4.5500374
-4.811492
-4.9636536
-4.532895
-4.381296
-2.238
-1.3076688
-1.9777383
-1.0907973
-1.391581
-5.0205865
0.8025175
0.82686543
1.0982937
0.94703996
0.9855764
-4.5257864
0.4787407
-3.6982026
0.43614918
0.8025889
0.85881704
0.9929646
0.63580143
1.0265635
1.3258101
0.74057883
0.8636435
0.57963645
1.2998344
1.0639669
0.23656023
-0.20592266
0.07824004
-4.7932487
-5.3661485
1.0326693
0.87500286
0.84221846
2.4761038
0.94756305
0.8095733
0.874356
-5.09467
-0.036399033
-0.069004774
0.14855981
-5.2524114
-5.160236
-5.987931
-4.7102494
-5.0774484
-5.163601
-4.555702
-4.3629375
-3.8624077
-2.1408648
-0.9662138
-1.3126729
-1.2471269
2.6041832
1.0518316
0.7842241
0.49269265
0.48040795
1.5851114
-0.17562628
2.3586154
-4.362768
-4.3538656
1.9478301
0.65969634
0.9216529
0.6330105
0.62130433
0.9274198
2.7852855
1.2375177
1.4192282
1.7789276
1.0095943
0.8945471
-5.0227804
2.1656408
2.4131093
-3.7346168
1.2542013
0.9595376
0.31331086
1.6235
1.2810317
0.8597914
1.079899
0.5147638
-0.07222676
-0.5892743
-0.7076289
-4.958496
-5.5236654
-5.358367
-5.115511
-5.254082
-4.688265
-4.9076576
-4.57794
-3.4167461
-1.5851604
-1.6090239
-0.9521947
-0.8945615
0.5539449
1.450049
0.89912903
0.86763203
0.4447316
0.9179634
-3.1719055
-4.722024
-4.822271
-4.9476986
1.997809
0.95142615
1.5274686
1.0551643
1.1240155
1.675538
1.2039102
-0.034206655
2.805893
1.3577105
1.5036396
2.6341357
-5.0932355
-4.3168206
-5.028137
-4.484039
1.8118249
1.0287267
1.2975323
0.82657075
1.1905221
1.0419397
1.5161589
2.9954147
-1.3246198
-1.0776391
-0.4703868
-4.8891325
-4.788759
-5.0512037
-4.778284
-4.7936697
-4.791733
-4.868102
-4.064227
-4.668184
-1.5362347
-1.415008
-0.96656847
-4.9261713
2.3614712
0.94176614
1.4833713
1.086923
1.164193
0.94144404
-4.5373206
-4.746791
-2.9609437
-0.22178109
0.7005167
1.549168
2.4168181
1.2054906
0.8174459
1.5866203
1.0595151
1.0361079
1.315306
1.250082
1.6639482
0.7794769
2.1178136
-4.1588492
-4.113629
-5.982397
1.94182
0.9497062
2.808434
1.0656536
1.2801608
0.74458385
1.0493938
1.040325
-5.3026724
-1.1548554
-0.9658676
-4.970109
-5.234811
-5.12904
-5.1841607
-4.9530487
-4.8621016
-4.7879677
-3.8370533
-4.33996
-1.4774486
-0.9333874
-0.6922615
2.1516213
0.6144223
1.1592697
0.6802981
1.2293941
1.2424937
1.0074966
1.4092305
-0.0015077591
-0.024530444
1.9649516
1.2119821
1.288756
0.91053605
1.0205752
1.4984356
1.1462338
1.2463218
1.1579707
1.1194563
1.455607
1.2630194
2.6427388
0.7023386
2.5643315
0.09928766
1.1733823
1.0285622
1.4347357
1.1446155
1.5165191
1.1341354
1.1380419
2.3332176
0.91477215
2.207839
-1.2430359
-1.1934062
-4.820345
-4.8829036
-5.500048
-5.278876
-4.836243
-4.815525
-4.872176
-4.8488646
-3.1161957
-1.6865469
-1.1282167
-0.35053736
0.80620354
0.5493723
1.6054908
1.4976715
1.4442525
1.5149093
2.5941567
2.5684175
1.160031
1.3307928
1.4564182
1.5267547
1.0516803
0.85920155
-4.892816
-5.557319
-5.6364336
-0.0012178272
1.5537053
1.6231861
1.5530938
1.8593937
1.7003226
1.4837993
1.3450654
1.3161792
2.4582467
2.7759304
1.4060965
1.5811313
1.5352842
1.6644734
1.2056727
1.7006525
2.784021
2.4689088
-1.190573
-1.7163097
-5.231465
-5.750994
-5.0212073
-4.6910706
-5.063677
-4.9055758
-5.3112373
-4.106179
-3.2886467
-1.7535195
-1.5854225
-1.0029112
0.4528886
1.6576546
-0.41678154
0.010709517
0.22974598
2.3496423
1.1918734
1.6584982
1.6047112
1.1808406
2.7331448
1.1914219
1.6448253
1.5922387
1.7374889
1.720947
1.9278651
2.0903635
1.8652961
2.67277
1.7217821
1.8225788
1.5207653
1.3148768
1.662269
1.5244731
1.6985787
2.558886
1.5739893
-0.005017653
-0.05395674
1.0092859
1.5791073
1.7888551
1.8656862
1.6145186
-4.889171
-1.3681241
-4.9478774
-4.5286584
-4.98535
-4.9857826
-4.8421803
-4.934678
-4.639618
-2.2316651
-1.1553054
-0.0043405294
-0.8507676
-5.179799
2.1395364
0.0030110478
-0.0064041987
0.0022246838
0.58157355
0.026695289
1.2409472
2.8503156
1.6189481
1.7422144
1.7116529
1.6188124
1.6252126
1.78748
1.5687722
1.7579393
1.1700648
1.6622292
1.6255813
1.8415477
1.7303234
1.6042084
1.6550417
1.5442389
1.7836145
1.8415842
1.8097783
-0.23879361
0.025881708
0.041824944
-0.062035993
0.14033541
-0.05051463
1.7642484
1.9706017
1.7095704
-2.6897068
-1.0381659
-3.32901
-3.2826614
-3.5610433
-3.655087
-3.0071468
-1.9610811
-1.8754658
-0.6737663
-1.1899744
-0.5240607
-0.5211531
-4.6139526
-0.03258361
-0.14213336
-0.0131958425
0.08688438
-0.033692908
0.3912614
1.7429627
1.8474375
2.4927917
1.8853265
2.0938544
1.8058859
1.8244374
1.7271682
1.6327847
1.96565
1.5554072
1.7364815
1.5750242
2.40241
1.8081158
1.6638845
2.2461743
2.110941
1.8449353
1.548979
1.7008523
-0.0138943195
0.44023055
-0.15631843
0.0059066713
0.08233711
-0.0026860088
0.0033478588
1.7160956
1.914931
1.8173488
-0.9297828
-1.5055311
-1.519526
-1.7042286
-1.2771612
-1.1711605
-1.3242192
-1.0669281
-1.2859502
-0.94325376
-0.42692685
-0.02446675
0.3861845
0.15661973
0.016868755
-0.0006914288
0.07644905
0.45743203
0.51532936
1.686499
1.7513314
1.8529149
1.6769109
2.4761252
1.7056314
1.783811
1.2702049
2.4640255
-4.4097457
-2.9071884
-5.2146063
-4.743308
0.089215055
1.7336639
2.086625
1.6376351
1.8420349
1.8621591
1.8768266
1.8341057
0.005936682
0.018379316
0.002891928
0.04146111
0.30043525
0.24177045
2.084375
2.366457
1.872785
1.6604211
-1.2115415
-0.94112116
-0.6490486
-0.6843659
0.017495632
-0.89460075
-0.8204838
-0.061817624
-0.004964344
-0.003838785
0.087354004
-0.010976478
0.0043936297
0.17573172
-0.008924484
0.3077435
-0.019950699
-0.3602798
-0.0153856985
1.8016597
1.623521
1.7525716
1.7005105
1.6871856
1.8689018
1.4792961
2.6562448
-0.35721743
-0.06362142
0.026989236
0.5261477
-0.41722167
-0.017361742
1.8724763
1.9926437
1.5694605
2.6753306
1.7519397
1.7467617
1.7174904
0.026501507
-0.0076822788
-0.20587426
0.29180545
-0.0037226602
0.029952668
1.8336778
1.9043518
1.8704637
1.7919021
-4.661137
-0.032428622
0.24870771
-0.31946164
-0.05109889
0.70825434
-0.015073374
-0.19513822
-0.010708988
-0.018551111
-0.0366886
0.06347081
-5.0772295
0.20456052
1.7524415
-0.041783083
0.7009896
1.5843879
1.6423987
1.8200885
1.73095
2.0276036
1.7684597
1.5647871
1.9841968
1.8433115
-4.833562
-0.0055039003
-0.010572888
0.22931427
0.10238737
-0.27760938
-0.13360023
1.7835156
1.5521349
1.6002437
2.0094485
1.6285022
1.8274826
1.8587674
1.8202925
0.3533524
-0.029785905
-0.07228029
0.043655127
2.0052962
1.7224874
1.9313954
1.7284912
2.3135242
-0.050730802
-0.046483815
-0.041035786
-0.009233221
0.50421554
0.004536137
-0.22389
0.26424855
0.14344835
-0.30722344
-0.005898066
-0.010682233
0.13541788
-0.008002266
1.531832
1.7865512
1.8731626
1.9547943
1.8074195
1.961306
1.0850991
1.9354292
1.7847059
1.628033
2.0023174
1.681559
2.9472232
-1.2041675
0.15284455
-0.04486084
0.5240647
0.612398
0.19461969
2.5181208
1.8512943
2.6863575
1.7245175
1.6529399
1.857426
1.7315506
1.804648
1.8942543
1.6312056
1.6345329
1.7427717
1.7731873
1.7813952
1.5985616
1.6954597
1.4912367
1.5830932
-0.11740923
-0.08133274
-0.0024238974
-0.0056543797
-0.0051328316
0.090118155
0.10098584
0.07739484
-0.031336673
0.017781086
-0.35007656
-0.17248929
0.0017818213
1.9423708
1.7954491
0.8752176
2.1292539
1.5699049
1.8097404
1.7798119
2.1404428
1.4626707
1.807013
1.7068235
1.8229698
1.7899731
-5.2907705
0.36760676
0.83512944
0.097497284
-0.0072241873
-0.03526944
1.8782096
1.9029166
2.6140194
1.458427
1.6513313
1.8350714
1.7399201
1.7715954
1.7259375
1.6598839
1.7868273
1.8214316
1.7467128
1.8561717
1.8564161
2.1745853
1.7183145
2.010954
0.32695052
0.11926031
-0.12387134
0.002426356
-0.089202344
-0.013920534
0.42516297
-0.15421146
0.08507645
0.34186822
0.034842163
-0.2888865
-4.762765
1.8432372
1.873865
1.894313
1.7726408
1.828614
1.474729
1.6670998
1.7010309
1.4836836
2.0689602
1.731135
2.6691513
1.7963462
1.7743338
2.2786236
-3.4058824
-4.9581847
-2.3108735
-0.03523764
1.8779441
1.8388422
1.6922735
1.9441863
2.7024984
1.8479232
1.8278763
1.7378502
1.9709679
1.8304247
1.9601251
1.7759706
1.9329797
1.7213492
1.5925936
1.864299
2.651627
1.8597775
0.00041539222
-0.04725318
-0.023037925
0.07288517
-0.012317255
-0.3355062
-0.010011248
0.031588376
-0.00077946484
0.40465105
-0.024503801
0.005293511
-0.011950403
3.0201354
1.8486352
2.1527786
1.8303428
1.6481906
2.6876984
1.6826159
1.8650036
2.1663876
1.5207541
2.0404887
1.7042762
1.763256
1.7642517
1.7978395
1.9674758
1.609171
1.8967874
1.9064176
1.8601464
2.5859742
1.9977578
1.8164785
1.6985531
2.0450191
1.6363331
1.7761658
1.724578
2.4173226
1.7537211
2.6541219
1.966761
1.9427882
2.0166535
2.2638402
1.7887645
1.9791425
-0.10597843
-0.014232159
-0.058649465
-0.120302856
0.039990775
0.3218331
0.050165415
-0.0028457642
-0.055312846
0.0627234
-0.023806069
-0.0059219897
0.08294681
-5.124028
1.780283
1.7476921
1.8176602
1.659579
1.7852646
2.1229439
1.6672589
1.8894905
1.9699255
1.7177807
1.6489136
1.898217
1.8311037
2.1414223
1.8124485
1.9053708
1.8253142
1.7683642
1.7935067
1.8225665
1.8103815
1.8782192
1.7892755
1.8760527
1.6075188
1.5696559
1.905359
1.7004534
1.8253831
1.9467252
1.6703128
2.6877441
1.8653443
1.8851255
1.726295
1.9540259
0.08390206
-0.33206546
-0.039520264
-0.056090117
-0.0109782815
-0.010594569
0.009232916
0.016139157
-0.18267792
0.026062943
0.26489264
-0.009815484
0.02305995
0.008419499
0.24646902
2.5153246
2.4224586
2.3035889
1.8578573
2.0605602
2.0914364
1.9987904
1.7540247
1.8936882
1.8127885
1.7933663
1.9544452
1.7404798
1.7935646
2.0150533
1.7884989
2.0488944
1.8769462
1.8176708
1.9240294
2.1042676
1.8467561
1.7830735
1.8084481
1.8208374
1.8599131
1.8374673
2.5329027
1.8064722
1.8829719
1.7625219
1.7868387
1.9889187
2.5748196
2.4111276
-0.041383836
0.06711985
-0.0050584823
-0.21614808
-0.01397353
0.07891318
-0.008578233
0.08435279
-0.05245316
0.09335771
0.025929466
0.3003695
-0.008604854
-0.36953032
-3.841219
2.3718057
2.8660269
1.8729272
1.7666601
1.7831581
1.8689091
2.1065269
2.06111
1.989159
2.1626186
1.8968786
2.0093465
2.2485523
1.8088104
1.7591095
2.2880034
1.8188992
1.767786
2.5701041
1.8863405
1.6880057
1.6602548
1.7648801
1.7766287
1.9810885
2.0059524
2.3408747
1.9450401
1.8365319
1.7727811
1.8022057
2.1965418
2.0600953
1.9722666
1.8236462
-0.5866009
-0.9540885
0.01842177
-0.17563304
-0.051868975
-0.14254057
-0.07402083
0.0011090934
-0.039827757
-0.3770699
-0.014302254
-0.81512094
-0.5724498
-0.9137362
-0.07111466
2.1676755
1.8304824
1.7364181
2.522201
1.4733367
2.10881
2.6747327
1.9487616
2.1165223
1.9739467
2.5822363
1.7775867
1.8595076
1.9380554
1.7160473
2.4877787
1.7919562
1.9421068
2.12647
2.5757914
2.0835524
1.8092874
2.01301
2.2964673
2.0169683
1.9852034
2.7388458
1.9149545
1.7372948
1.8745337
1.9534625
1.6737748
1.784674
1.7039926
1.7413788
-0.29098105
-0.40484464
-0.830459
-0.31006706
-0.32047376
-1.2013241
-0.8338661
-0.98601234
-0.5941908
-0.43959498
-0.8005513
-0.9202754
-0.57340837
-0.6598891
-0.04853923
2.7659025
1.7417743
1.9101275
1.8430036
2.3547006
1.7815666
1.846533
2.206685
1.7869346
1.9366952
1.907356
2.2071924
1.7636042
2.0110607
1.9610761
1.8239951
2.093566
1.9190933
2.0092983
2.5802374
1.8287777
2.5328984
1.9106928
2.003533
1.8130466
2.1141143
1.7819201
1.8704144
2.8255548
2.0073433
2.8912587
2.5892453
1.8301876
1.8918778
2.4116826
